time,gyrx,gyry,gyrz,rol,pit,yaw,accx,accy,accz,vCmds
0.000,0.019,0.019,0.000,0.000,2.000,
0.000,0.019,0.017,0.000,0.000,4.000,
0.000,0.021,0.015,0.000,0.000,8.000,
0.000,0.026,0.001,0.000,0.000,1.000,
0.000,0.025,-0.347,0.000,0.000,2.000,
0.000,-0.024,-1.618,0.000,0.000,4.000,
0.000,-0.114,-3.520,0.000,0.000,8.000,
0.000,-0.303,-4.873,0.000,0.000,1.000,
0.000,-0.739,-4.446,0.000,0.000,2.000,
0.000,-1.412,-1.732,0.000,0.000,4.000,
0.000,-2.175,2.619,0.000,0.000,8.000,
0.000,-2.920,7.522,0.000,0.000,1.000,
0.000,-3.479,12.365,0.000,0.000,2.000,
0.000,-3.758,16.527,0.000,0.000,4.000,
0.000,-3.780,19.195,0.000,0.000,8.000,
0.000,-3.636,19.874,0.000,0.000,1.000,
0.000,-3.417,18.533,0.000,0.000,2.000,
0.000,-3.211,15.619,0.000,0.000,4.000,
0.000,-3.061,11.844,0.000,0.000,8.000,
0.000,-2.906,7.694,0.000,0.000,1.000,
0.000,-2.636,3.636,0.000,0.000,2.000,
0.000,-2.092,0.686,0.000,0.000,4.000,
0.000,-1.325,-0.963,0.000,0.000,8.000,
0.000,-0.507,-2.190,0.000,0.000,1.000,
0.000,0.330,-3.364,0.000,0.000,2.000,
0.000,1.184,-3.800,0.000,0.000,4.000,
0.000,1.875,-3.544,0.000,0.000,8.000,
0.000,2.231,-3.388,0.000,0.000,1.000,
0.000,2.303,-3.468,0.000,0.000,2.000,
0.000,2.256,-3.109,0.000,0.000,4.000,
0.000,2.292,-1.426,0.000,0.000,8.000,
0.000,2.427,1.778,0.000,0.000,1.000,
0.000,2.448,5.570,0.000,0.000,2.000,
0.000,2.085,8.317,0.000,0.000,4.000,
0.000,1.311,9.051,0.000,0.000,8.000,
0.000,0.334,7.800,0.000,0.000,1.000,
0.000,-0.530,5.367,0.000,0.000,2.000,
0.000,-1.063,2.511,0.000,0.000,4.000,
0.000,-1.219,-0.374,0.000,0.000,8.000,
0.000,-1.131,-2.717,0.000,0.000,1.000,
0.000,-0.965,-4.198,0.000,0.000,2.000,
0.000,-0.874,-5.236,0.000,0.000,4.000,
0.000,-1.017,-6.079,0.000,0.000,8.000,
0.000,-1.484,-6.765,0.000,0.000,1.000,
0.000,-2.165,-7.246,0.000,0.000,2.000,
0.000,-2.769,-7.396,0.000,0.000,4.000,
0.000,-3.015,-7.083,0.000,0.000,8.000,
0.000,-2.757,-6.089,0.000,0.000,1.000,
0.000,-2.068,-4.486,0.000,0.000,2.000,
0.000,-1.284,-2.750,0.000,0.000,4.000,
0.000,-0.714,-1.496,0.000,0.000,8.000,
0.000,-0.531,-1.193,0.000,0.000,1.000,
0.000,-0.776,-1.881,0.000,0.000,2.000,
0.000,-1.226,-2.836,0.000,0.000,4.000,
0.000,-1.538,-3.474,0.000,0.000,8.000,
0.000,-1.514,-3.944,0.000,0.000,1.000,
0.000,-1.137,-4.467,0.000,0.000,2.000,
0.000,-0.525,-4.848,0.000,0.000,4.000,
0.000,0.121,-4.837,0.000,0.000,8.000,
0.000,0.622,-4.614,0.000,0.000,1.000,
0.000,0.950,-4.679,0.000,0.000,2.000,
0.000,1.027,-5.476,0.000,0.000,4.000,
0.000,0.862,-6.631,0.000,0.000,8.000,
0.000,0.604,-7.453,0.000,0.000,1.000,
0.000,0.297,-7.818,0.000,0.000,0.000,
0.000,-0.113,-8.043,0.000,0.000,0.000,
0.000,-0.501,-8.176,0.000,0.000,0.000,
0.000,-0.773,-7.929,0.000,0.000,0.000,
0.000,-0.859,-6.864,0.000,0.000,0.000,
0.000,-0.774,-5.122,0.000,0.000,0.000,
0.000,-0.555,-3.239,0.000,0.000,0.000,
0.000,-0.244,-1.595,0.000,0.000,0.000,
0.000,0.111,-0.342,0.000,0.000,0.000,
0.000,0.461,0.490,0.000,0.000,0.000,
0.000,0.791,1.011,0.000,0.000,0.000,
0.000,1.094,1.334,0.000,0.000,0.000,
0.000,1.357,1.539,0.000,0.000,0.000,
0.000,1.577,1.669,0.000,0.000,0.000,
0.000,1.753,1.745,0.000,0.000,0.000,
0.000,1.891,1.770,0.000,0.000,0.000,
0.000,1.988,1.746,0.000,0.000,0.000,
0.000,2.050,1.685,0.000,0.000,0.000,
0.000,2.080,1.603,0.000,0.000,0.000,
0.000,2.080,1.508,0.000,0.000,0.000,
0.000,2.053,1.405,0.000,0.000,0.000,
0.000,2.000,1.294,0.000,0.000,0.000,
0.000,1.924,1.166,0.000,0.000,0.000,
0.000,1.826,1.022,0.000,0.000,0.000,
0.000,1.708,0.859,0.000,0.000,0.000,
0.000,1.572,0.686,0.000,0.000,0.000,
0.000,1.421,0.520,0.000,0.000,0.000,
0.000,1.258,0.376,0.000,0.000,0.000,
0.000,1.087,0.269,0.000,0.000,0.000,
0.000,0.912,0.207,0.000,0.000,0.000,
0.000,0.737,0.190,0.000,0.000,0.000,
0.000,0.562,0.216,0.000,0.000,0.000,
0.000,0.386,0.272,0.000,0.000,0.000,
0.000,0.207,0.348,0.000,0.000,0.000,
0.000,0.023,0.433,0.000,0.000,0.000,
0.000,-0.161,0.515,0.000,0.000,0.000,
0.000,-0.339,0.594,0.000,0.000,0.000,
0.000,-0.532,0.688,0.000,0.000,0.000,
0.000,-0.680,0.769,0.000,0.000,0.000,
0.000,-0.791,0.842,0.000,0.000,0.000,
0.000,-0.874,0.913,0.000,0.000,0.000,
0.000,-0.933,0.986,0.000,0.000,0.000,
0.000,-0.972,1.061,0.000,0.000,0.000,
0.000,-0.993,1.129,0.000,0.000,0.000,
0.000,-1.001,1.182,0.000,0.000,0.000,
0.000,-0.996,1.211,0.000,0.000,0.000,
0.000,-0.979,1.210,0.000,0.000,0.000,
0.000,-0.952,1.177,0.000,0.000,0.000,
0.000,-0.920,1.114,0.000,0.000,0.000,
0.000,-0.886,1.030,0.000,0.000,0.000,
0.000,-0.850,0.927,0.000,0.000,0.000,
0.000,-0.813,0.812,0.000,0.000,0.000,
0.000,-0.773,0.686,0.000,0.000,0.000,
0.000,-0.729,0.549,0.000,0.000,0.000,
0.000,-0.680,0.401,0.000,0.000,0.000,
0.000,-0.624,0.245,0.000,0.000,0.000,
0.000,-0.560,0.082,0.000,0.000,0.000,
0.000,-0.490,-0.083,0.000,0.000,0.000,
0.000,-0.413,-0.244,0.000,0.000,0.000,
0.000,-0.333,-0.399,0.000,0.000,0.000,
0.000,-0.249,-0.544,0.000,0.000,0.000,
0.000,-0.161,-0.678,0.000,0.000,0.000,
0.000,-0.071,-0.797,0.000,0.000,0.000,
0.000,0.023,-0.898,0.000,0.000,0.000,
0.000,0.117,-0.980,0.000,0.000,0.000,
0.000,0.209,-1.043,0.000,0.000,0.000,
0.000,0.298,-1.088,0.000,0.000,0.000,
0.000,0.383,-1.117,0.000,0.000,0.000,
0.000,0.463,-1.129,0.000,0.000,0.000,
0.000,0.536,-1.123,0.000,0.000,0.000,
0.000,0.602,-1.097,0.000,0.000,0.000,
0.000,0.660,-1.051,0.000,0.000,0.000,
0.000,0.712,-0.988,0.000,0.000,0.000,
0.000,0.756,-0.914,0.000,0.000,0.000,
0.000,0.790,-0.833,0.000,0.000,0.000,
0.000,0.815,-0.748,0.000,0.000,0.000,
0.000,0.831,-0.660,0.000,0.000,0.000,
0.000,0.837,-0.574,0.000,0.000,0.000,
0.000,0.830,-0.492,0.000,0.000,0.000,
0.000,0.810,-0.415,0.000,0.000,0.000,
0.000,0.773,-0.343,0.000,0.000,0.000,
0.000,0.719,-0.278,0.000,0.000,0.000,
0.000,0.646,-0.218,0.000,0.000,0.000,
0.000,0.559,-0.168,0.000,0.000,0.000,
0.000,0.463,-0.127,0.000,0.000,0.000,
0.000,0.362,-0.095,0.000,0.000,0.000,
0.000,0.258,-0.070,0.000,0.000,0.000,
0.000,0.156,-0.049,0.000,0.000,0.000,
0.000,0.059,-0.030,0.000,0.000,0.000,
0.000,-0.032,-0.013,0.000,0.000,0.000,
0.000,-0.115,0.003,0.000,0.000,0.000,
0.000,-0.191,0.018,0.000,0.000,0.000,
0.000,-0.259,0.036,0.000,0.000,0.000,
0.000,-0.319,0.059,0.000,0.000,0.000,
0.000,-0.369,0.088,0.000,0.000,0.000,
0.000,-0.411,0.123,0.000,0.000,0.000,
0.000,-0.443,0.161,0.000,0.000,0.000,
0.000,-0.468,0.200,0.000,0.000,0.000,
0.000,-0.485,0.241,0.000,0.000,0.000,
0.000,-0.494,0.283,0.000,0.000,0.000,
0.000,-0.498,0.327,0.000,0.000,0.000,
0.000,-0.492,0.373,0.000,0.000,0.000,
0.000,-0.477,0.423,0.000,0.000,0.000,
0.000,-0.452,0.474,0.000,0.000,0.000,
0.000,-0.422,0.525,0.000,0.000,0.000,
0.000,-0.386,0.573,0.000,0.000,0.000,
0.000,-0.342,0.614,0.000,0.000,0.000,
0.000,-0.289,0.648,0.000,0.000,0.000,
0.000,-0.228,0.670,0.000,0.000,0.000,
0.000,-0.163,0.684,0.000,0.000,0.000,
0.000,-0.096,0.689,0.000,0.000,0.000,
0.000,-0.027,0.684,0.000,0.000,0.000,
0.000,0.043,0.668,0.000,0.000,0.000,
0.000,0.111,0.642,0.000,0.000,0.000,
0.000,0.176,0.607,0.000,0.000,0.000,
0.000,0.233,0.563,0.000,0.000,0.000,
0.000,0.285,0.511,0.000,0.000,0.000,
0.000,0.330,0.451,0.000,0.000,0.000,
0.000,0.366,0.385,0.000,0.000,0.000,
0.000,0.392,0.314,0.000,0.000,0.000,
0.000,0.409,0.240,0.000,0.000,0.000,
0.000,0.417,0.164,0.000,0.000,0.000,
0.000,0.415,0.089,0.000,0.000,0.000,
0.000,0.403,0.015,0.000,0.000,0.000,
0.000,0.384,-0.055,0.000,0.000,0.000,
0.000,0.363,-0.121,0.000,0.000,0.000,
0.000,0.342,-0.181,0.000,0.000,0.000,
0.000,0.326,-0.234,0.000,0.000,0.000,
0.000,0.311,-0.275,0.000,0.000,0.000,
0.000,0.295,-0.303,0.000,0.000,0.000,
0.000,0.278,-0.324,0.000,0.000,0.000,
0.000,0.256,-0.338,0.000,0.000,0.000,
0.000,0.226,-0.344,0.000,0.000,0.000,
0.000,0.190,-0.343,0.000,0.000,0.000,
0.000,0.151,-0.334,0.000,0.000,0.000,
0.000,0.113,-0.322,0.000,0.000,0.000,
0.000,0.077,-0.309,0.000,0.000,0.000,
0.000,0.045,-0.297,0.000,0.000,0.000,
0.000,0.014,-0.283,0.000,0.000,0.000,
0.000,-0.016,-0.266,0.000,0.000,0.000,
0.000,-0.047,-0.246,0.000,0.000,0.000,
0.000,-0.078,-0.223,0.000,0.000,0.000,
0.000,-0.107,-0.198,0.000,0.000,0.000,
0.000,-0.133,-0.172,0.000,0.000,0.000,
0.000,-0.156,-0.149,0.000,0.000,0.000,
0.000,-0.176,-0.128,0.000,0.000,0.000,
0.000,-0.193,-0.112,0.000,0.000,0.000,
0.000,-0.206,-0.099,0.000,0.000,0.000,
0.000,-0.215,-0.091,0.000,0.000,0.000,
0.000,-0.217,-0.088,0.000,0.000,0.000,
0.000,-0.216,-0.091,0.000,0.000,0.000,
0.000,-0.212,-0.098,0.000,0.000,0.000,
0.000,-0.205,-0.105,0.000,0.000,0.000,
0.000,-0.194,-0.109,0.000,0.000,0.000,
0.000,-0.179,-0.108,0.000,0.000,0.000,
0.000,-0.162,-0.103,0.000,0.000,0.000,
0.000,-0.145,-0.094,0.000,0.000,0.000,
0.000,-0.129,-0.083,0.000,0.000,0.000,
0.000,-0.114,-0.068,0.000,0.000,0.000,
0.000,-0.101,-0.051,0.000,0.000,0.000,
0.000,-0.086,-0.034,0.000,0.000,0.000,
0.000,-0.069,-0.018,0.000,0.000,0.000,
0.000,-0.047,-0.004,0.000,0.000,0.000,
0.000,-0.021,0.011,0.000,0.000,0.000,
0.000,0.007,0.031,0.000,0.000,0.000,
0.000,0.037,0.058,0.000,0.000,0.000,
0.000,0.067,0.089,0.000,0.000,0.000,
0.000,0.095,0.122,0.000,0.000,0.000,
0.000,0.120,0.154,0.000,0.000,0.000,
0.000,0.140,0.182,0.000,0.000,0.000,
0.000,0.156,0.203,0.000,0.000,0.000,
0.000,0.167,0.217,0.000,0.000,0.000,
0.000,0.174,0.228,0.000,0.000,0.000,
0.000,0.182,0.239,0.000,0.000,0.000,
0.000,0.189,0.247,0.000,0.000,0.000,
0.000,0.198,0.254,0.000,0.000,0.000,
0.000,0.208,0.259,0.000,0.000,0.000,
0.000,0.219,0.260,0.000,0.000,0.000,
0.000,0.230,0.257,0.000,0.000,0.000,
0.000,0.238,0.249,0.000,0.000,0.000,
0.000,0.243,0.236,0.000,0.000,0.000,
0.000,0.243,0.219,0.000,0.000,0.000,
0.000,0.238,0.199,0.000,0.000,0.000,
0.000,0.226,0.177,0.000,0.000,0.000,
0.000,0.208,0.152,0.000,0.000,0.000,
0.000,0.186,0.129,0.000,0.000,0.000,
0.000,0.162,0.109,0.000,0.000,0.000,
0.000,0.134,0.090,0.000,0.000,0.000,
0.000,0.109,0.076,0.000,0.000,0.000,
0.000,0.087,0.066,0.000,0.000,0.000,
0.000,0.064,0.057,0.000,0.000,0.000,
0.000,0.038,0.048,0.000,0.000,0.000,
0.000,0.013,0.039,0.000,0.000,0.000,
0.000,-0.009,0.030,0.000,0.000,0.000,
0.000,-0.026,0.020,0.000,0.000,0.000,
0.000,-0.042,0.010,0.000,0.000,0.000,
0.000,-0.057,0.000,0.000,0.000,0.000,
0.000,-0.073,-0.007,0.000,0.000,0.000,
0.000,-0.090,-0.014,0.000,0.000,0.000,
0.000,-0.106,-0.019,0.000,0.000,0.000,
0.000,-0.121,-0.023,0.000,0.000,0.000,
0.000,-0.134,-0.023,0.000,0.000,0.000,
0.000,-0.145,-0.021,0.000,0.000,0.000,
0.000,-0.151,-0.017,0.000,0.000,0.000,
0.000,-0.152,-0.013,0.000,0.000,0.000,
0.000,-0.148,-0.013,0.000,0.000,0.000,
0.000,-0.143,-0.016,0.000,0.000,0.000,
0.000,-0.139,-0.020,0.000,0.000,0.000,
0.000,-0.134,-0.026,0.000,0.000,0.000,
0.000,-0.127,-0.033,0.000,0.000,0.000,
0.000,-0.116,-0.042,0.000,0.000,0.000,
0.000,-0.100,-0.049,0.000,0.000,0.000,
0.000,-0.080,-0.055,0.000,0.000,0.000,
0.000,-0.056,-0.061,0.000,0.000,0.000,
0.000,-0.031,-0.067,0.000,0.000,0.000,
0.000,-0.007,-0.074,0.000,0.000,0.000,
0.000,0.014,-0.081,0.000,0.000,0.000,
0.000,0.031,-0.086,0.000,0.000,0.000,
0.000,0.044,-0.087,0.000,0.000,0.000,
0.000,0.053,-0.084,0.000,0.000,0.000,
0.000,0.059,-0.080,0.000,0.000,0.000,
0.000,0.065,-0.076,0.000,0.000,0.000,
0.000,0.074,-0.070,0.000,0.000,0.000,
0.000,0.088,-0.064,0.000,0.000,0.000,
0.000,0.106,-0.055,0.000,0.000,0.000,
0.000,0.123,-0.044,0.000,0.000,0.000,
0.000,0.137,-0.030,0.000,0.000,0.000,
0.000,0.143,-0.014,0.000,0.000,0.000,
0.000,0.145,0.005,0.000,0.000,0.000,
0.000,0.143,0.025,0.000,0.000,0.000,
0.000,0.138,0.045,0.000,0.000,0.000,
0.000,0.131,0.063,0.000,0.000,0.000,
0.000,0.125,0.078,0.000,0.000,0.000,
0.000,0.118,0.091,0.000,0.000,0.000,
0.000,0.110,0.103,0.000,0.000,0.000,
0.000,0.104,0.113,0.000,0.000,0.000,
0.000,0.099,0.117,0.000,0.000,0.000,
0.000,0.093,0.117,0.000,0.000,0.000,
0.000,0.085,0.114,0.000,0.000,0.000,
0.000,0.075,0.111,0.000,0.000,0.000,
0.000,0.064,0.110,0.000,0.000,0.000,
0.000,0.056,0.109,0.000,0.000,0.000,
0.000,0.051,0.109,0.000,0.000,0.000,
0.000,0.049,0.106,0.000,0.000,0.000,
0.000,0.047,0.102,0.000,0.000,0.000,
0.000,0.043,0.098,0.000,0.000,0.000,
0.000,0.038,0.094,0.000,0.000,0.000,
0.000,0.031,0.092,0.000,0.000,0.000,
0.000,0.020,0.092,0.000,0.000,0.000,
0.000,0.007,0.094,0.000,0.000,0.000,
0.000,-0.005,0.099,0.000,0.000,0.000,
0.000,-0.014,0.104,0.000,0.000,0.000,
0.000,-0.019,0.105,0.000,0.000,0.000,
0.000,-0.023,0.100,0.000,0.000,0.000,
0.000,-0.028,0.092,0.000,0.000,0.000,
0.000,-0.033,0.082,0.000,0.000,0.000,
0.000,-0.037,0.071,0.000,0.000,0.000,
0.000,-0.039,0.061,0.000,0.000,0.000,
0.000,-0.037,0.050,0.000,0.000,0.000,
0.000,-0.031,0.040,0.000,0.000,0.000,
0.000,-0.019,0.032,0.000,0.000,0.000,
0.000,-0.000,0.026,0.000,0.000,0.000,
0.000,0.021,0.021,0.000,0.000,0.000,
0.000,0.041,0.015,0.000,0.000,0.000,
0.000,0.057,0.006,0.000,0.000,0.000,
0.000,0.066,-0.009,0.000,0.000,0.000,
0.000,0.068,-0.028,0.000,0.000,0.000,
0.000,0.065,-0.046,0.000,0.000,0.000,
0.000,0.059,-0.060,0.000,0.000,0.000,
0.000,0.053,-0.067,0.000,0.000,0.000,
0.000,0.049,-0.068,0.000,0.000,0.000,
0.000,0.047,-0.066,0.000,0.000,0.000,
0.000,0.046,-0.063,0.000,0.000,0.000,
0.000,0.046,-0.060,0.000,0.000,0.000,
0.000,0.046,-0.058,0.000,0.000,0.000,
0.000,0.047,-0.057,0.000,0.000,0.000,
0.000,0.049,-0.059,0.000,0.000,0.000,
0.000,0.051,-0.061,0.000,0.000,0.000,
0.000,0.052,-0.058,0.000,0.000,0.000,
0.000,0.050,-0.048,0.000,0.000,0.000,
0.000,0.045,-0.033,0.000,0.000,0.000,
0.000,0.038,-0.016,0.000,0.000,0.000,
0.000,0.032,-0.000,0.000,0.000,0.000,
0.000,0.026,0.011,0.000,0.000,0.000,
0.000,0.022,0.021,0.000,0.000,0.000,
0.000,0.018,0.031,0.000,0.000,0.000,
0.000,0.014,0.043,0.000,0.000,0.000,
0.000,0.011,0.054,0.000,0.000,0.000,
0.000,0.010,0.062,0.000,0.000,0.000,
0.000,0.009,0.067,0.000,0.000,0.000,
0.000,0.009,0.068,0.000,0.000,0.000,
0.000,0.011,0.068,0.000,0.000,0.000,
0.000,0.011,0.067,0.000,0.000,0.000,
0.000,0.007,0.067,0.000,0.000,0.000,
0.000,-0.000,0.067,0.000,0.000,0.000,
0.000,-0.009,0.067,0.000,0.000,0.000,
0.000,-0.017,0.068,0.000,0.000,0.000,
0.000,-0.023,0.071,0.000,0.000,0.000,
0.000,-0.027,0.074,0.000,0.000,0.000,
0.000,-0.030,0.077,0.000,0.000,0.000,
0.000,-0.033,0.078,0.000,0.000,0.000,
0.000,-0.035,0.077,0.000,0.000,0.000,
0.000,-0.037,0.074,0.000,0.000,0.000,
0.000,-0.035,0.071,0.000,0.000,0.000,
0.000,-0.030,0.067,0.000,0.000,0.000,
0.000,-0.022,0.063,0.000,0.000,0.000,
0.000,-0.013,0.059,0.000,0.000,0.000,
0.000,-0.007,0.056,0.000,0.000,0.000,
0.000,-0.001,0.053,0.000,0.000,0.000,
0.000,0.006,0.051,0.000,0.000,0.000,
0.000,0.014,0.052,0.000,0.000,0.000,
0.000,0.019,0.054,0.000,0.000,0.000,
0.000,0.021,0.055,0.000,0.000,0.000,
0.000,0.021,0.054,0.000,0.000,0.000,
0.000,0.022,0.050,0.000,0.000,0.000,
0.000,0.026,0.042,0.000,0.000,0.000,
0.000,0.033,0.030,0.000,0.000,0.000,
0.000,0.043,0.020,0.000,0.000,0.000,
0.000,0.055,0.012,0.000,0.000,0.000,
0.000,0.065,0.006,0.000,0.000,0.000,
0.000,0.072,0.002,0.000,0.000,0.000,
0.000,0.074,-0.003,0.000,0.000,0.000,
0.000,0.070,-0.007,0.000,0.000,0.000,
0.000,0.062,-0.010,0.000,0.000,0.000,
0.000,0.052,-0.010,0.000,0.000,0.000,
0.000,0.044,-0.011,0.000,0.000,0.000,
0.000,0.037,-0.014,0.000,0.000,0.000,
0.000,0.033,-0.018,0.000,0.000,0.000,
0.000,0.029,-0.022,0.000,0.000,0.000,
0.000,0.025,-0.027,0.000,0.000,0.000,
0.000,0.018,-0.029,0.000,0.000,0.000,
0.000,0.007,-0.030,0.000,0.000,0.000,
0.000,-0.003,-0.030,0.000,0.000,0.000,
0.000,-0.015,-0.028,0.000,0.000,0.000,
0.000,-0.025,-0.025,0.000,0.000,0.000,
0.000,-0.030,-0.021,0.000,0.000,0.000,
0.000,-0.031,-0.015,0.000,0.000,0.000,
0.000,-0.028,-0.009,0.000,0.000,0.000,
0.000,-0.023,-0.003,0.000,0.000,0.000,
0.000,-0.017,0.005,0.000,0.000,0.000,
0.000,-0.012,0.015,0.000,0.000,0.000,
0.000,-0.009,0.027,0.000,0.000,0.000,
0.000,-0.012,0.039,0.000,0.000,0.000,
0.000,-0.017,0.050,0.000,0.000,0.000,
0.000,-0.022,0.056,0.000,0.000,0.000,
0.000,-0.023,0.059,0.000,0.000,0.000,
0.000,-0.021,0.058,0.000,0.000,0.000,
0.000,-0.015,0.054,0.000,0.000,0.000,
0.000,-0.005,0.049,0.000,0.000,0.000,
0.000,0.007,0.045,0.000,0.000,0.000,
0.000,0.018,0.041,0.000,0.000,0.000,
0.000,0.027,0.041,0.000,0.000,0.000,
0.000,0.033,0.043,0.000,0.000,0.000,
0.000,0.037,0.048,0.000,0.000,0.000,
0.000,0.040,0.055,0.000,0.000,0.000,
0.000,0.042,0.061,0.000,0.000,0.000,
0.000,0.043,0.067,0.000,0.000,0.000,
0.000,0.042,0.072,0.000,0.000,0.000,
0.000,0.042,0.075,0.000,0.000,0.000,
0.000,0.215,0.152,0.000,0.000,0.000,
0.000,3.880,3.463,0.008,0.007,0.000,
0.002,16.072,15.519,0.040,0.038,0.000,
0.004,35.907,33.099,0.112,0.104,0.000,
0.006,57.464,48.166,0.227,0.200,0.000,
0.008,73.867,56.121,0.374,0.313,0.000,
0.010,81.095,56.499,0.537,0.426,0.000,
0.012,79.168,51.597,0.695,0.529,0.000,
0.014,70.995,44.652,0.837,0.618,0.000,
0.016,60.272,38.165,0.957,0.695,0.000,
0.018,49.982,33.030,1.057,0.761,0.000,
0.020,41.559,29.306,1.141,0.819,8.000,
0.022,35.112,26.811,1.211,0.873,8.000,
0.024,30.255,25.030,1.271,0.923,8.000,
0.026,26.685,23.378,1.325,0.970,8.000,
0.028,24.260,21.606,1.373,1.013,8.000,
0.030,22.932,19.863,1.419,1.053,8.000,
0.032,22.705,18.167,1.464,1.089,8.000,
0.034,23.534,16.468,1.511,1.122,8.000,
0.036,25.294,14.759,1.562,1.151,8.000,
0.038,27.783,13.055,1.618,1.178,8.000,
0.040,30.767,11.405,1.679,1.200,8.000,
0.042,34.043,9.883,1.747,1.220,8.000,
0.044,37.466,8.546,1.822,1.237,8.000,
0.046,40.937,7.415,1.904,1.252,8.000,
0.048,44.403,6.489,1.993,1.265,8.000,
0.050,47.843,5.732,2.089,1.276,8.000,
0.053,51.231,5.093,2.191,1.287,8.000,
0.054,54.535,4.549,2.300,1.296,8.000,
0.056,57.725,4.094,2.416,1.304,9.000,
0.058,60.778,3.725,2.537,1.311,8.000,
0.060,63.705,3.428,2.665,1.318,8.000,
0.062,66.530,3.187,2.798,1.325,8.000,
0.064,69.268,2.995,2.936,1.331,9.000,
0.066,71.921,2.841,3.080,1.336,8.000,
0.068,74.496,2.684,3.229,1.342,8.000,
0.070,77.003,2.470,3.383,1.347,8.000,
0.072,79.456,2.176,3.542,1.351,9.000,
0.074,81.868,1.816,3.706,1.355,8.000,
0.076,84.254,1.417,3.874,1.357,8.000,
0.078,86.624,1.002,4.047,1.359,8.000,
0.080,88.993,0.578,4.225,1.361,9.000,
0.082,91.373,0.157,4.408,1.361,8.000,
0.084,93.785,-0.238,4.596,1.360,8.000,
0.086,96.231,-0.590,4.788,1.359,8.000,
0.088,98.685,-0.895,4.985,1.357,8.000,
0.090,101.138,-1.176,5.188,1.355,9.000,
0.092,103.609,-1.476,5.395,1.352,8.000,
0.094,106.105,-1.816,5.607,1.348,8.000,
0.096,108.610,-2.190,5.824,1.344,8.000,
0.098,111.095,-2.581,6.047,1.339,8.000,
0.100,113.547,-2.968,6.274,1.333,9.000,
0.102,115.978,-3.339,6.506,1.326,8.000,
0.104,118.398,-3.710,6.742,1.319,8.000,
0.106,120.817,-4.099,6.984,1.311,8.000,
0.108,123.257,-4.503,7.231,1.302,8.000,
0.110,125.718,-4.931,7.482,1.292,8.000,
0.112,128.157,-5.406,7.738,1.281,9.000,
0.114,130.558,-5.950,7.999,1.269,8.000,
0.116,132.947,-6.565,8.265,1.256,8.000,
0.118,135.360,-7.227,8.536,1.242,8.000,
0.120,137.812,-7.903,8.812,1.226,8.000,
0.122,140.308,-8.568,9.092,1.209,8.000,
0.124,142.849,-9.203,9.378,1.190,8.000,
0.126,145.408,-9.815,9.669,1.171,8.000,
0.128,147.941,-10.442,9.965,1.150,8.000,
0.130,150.429,-11.109,10.266,1.127,8.000,
0.132,152.876,-11.800,10.571,1.104,8.000,
0.134,155.284,-12.497,10.882,1.079,8.000,
0.136,157.669,-13.193,11.197,1.052,8.000,
0.138,160.046,-13.904,11.517,1.025,8.000,
0.140,162.413,-14.655,11.842,0.995,8.000,
0.142,164.781,-15.455,12.172,0.964,8.000,
0.144,167.175,-16.274,12.506,0.932,8.000,
0.146,169.595,-17.091,12.845,0.898,8.000,
0.148,172.010,-17.913,13.189,0.862,8.000,
0.150,174.397,-18.751,13.538,0.824,8.000,
0.153,176.763,-19.605,13.892,0.785,8.000,
0.154,179.116,-20.476,14.250,0.744,8.000,
0.156,181.462,-21.365,14.613,0.702,8.000,
0.158,183.799,-22.262,14.980,0.657,8.000,
0.160,186.138,-23.161,15.353,0.611,8.000,
0.162,188.490,-24.072,15.730,0.563,8.000,
0.164,190.858,-25.009,16.111,0.513,10.000,
0.166,193.234,-25.962,16.498,0.461,10.000,
0.168,195.611,-26.916,16.889,0.407,10.000,
0.170,197.981,-27.864,17.285,0.351,10.000,
0.172,200.331,-28.806,17.686,0.293,10.000,
0.174,202.596,-29.788,18.091,0.234,10.000,
0.176,204.708,-30.860,18.500,0.172,10.000,
0.178,206.635,-32.042,18.914,0.108,10.000,
0.180,208.341,-33.351,19.330,0.041,10.000,
0.182,209.796,-34.759,19.750,-0.028,10.000,
0.184,210.996,-36.198,20.172,-0.101,10.000,
0.186,211.928,-37.614,20.596,-0.176,10.000,
0.188,212.594,-38.995,21.021,-0.254,10.000,
0.190,213.017,-40.359,21.447,-0.335,10.000,
0.192,213.230,-41.714,21.873,-0.418,10.000,
0.194,213.258,-43.069,22.300,-0.504,10.000,
0.196,213.140,-44.438,22.726,-0.593,10.000,
0.198,212.932,-45.815,23.152,-0.685,10.000,
0.200,212.686,-47.187,23.577,-0.779,10.000,
0.202,212.431,-48.573,24.002,-0.876,10.000,
0.204,212.167,-50.002,24.427,-0.976,10.000,
0.206,211.890,-51.474,24.850,-1.079,10.000,
0.208,211.597,-52.965,25.274,-1.185,14.000,
0.210,211.274,-54.456,25.696,-1.294,14.000,
0.212,210.925,-55.948,26.118,-1.406,14.000,
0.214,210.572,-57.433,26.539,-1.521,14.000,
0.216,210.225,-58.915,26.960,-1.639,14.000,
0.218,209.876,-60.374,27.379,-1.759,14.000,
0.220,209.505,-61.690,27.798,-1.883,14.000,
0.222,209.103,-62.796,28.216,-2.008,14.000,
0.224,208.674,-63.662,28.634,-2.136,14.000,
0.226,208.233,-64.213,29.050,-2.264,14.000,
0.228,207.797,-64.391,29.466,-2.393,14.000,
0.230,207.377,-64.198,29.881,-2.521,14.000,
0.232,206.979,-63.664,30.295,-2.648,14.000,
0.234,206.599,-62.850,30.708,-2.774,14.000,
0.236,206.220,-61.843,31.120,-2.898,14.000,
0.238,205.836,-60.712,31.532,-3.019,14.000,
0.240,205.467,-59.492,31.943,-3.138,14.000,
0.242,205.111,-58.180,32.353,-3.255,14.000,
0.244,204.759,-56.750,32.763,-3.368,14.000,
0.246,204.418,-55.174,33.171,-3.478,14.000,
0.248,204.099,-53.473,33.580,-3.585,14.000,
0.250,203.806,-51.691,33.987,-3.689,30.000,
0.253,203.521,-49.873,34.394,-3.789,30.000,
0.254,203.231,-48.072,34.801,-3.885,30.000,
0.256,202.925,-46.307,35.207,-3.977,30.000,
0.258,202.604,-44.562,35.612,-4.066,30.000,
0.260,202.274,-42.811,36.016,-4.152,30.000,
0.262,201.930,-41.072,36.420,-4.234,30.000,
0.264,201.569,-39.381,36.823,-4.313,30.000,
0.266,201.208,-37.745,37.226,-4.388,30.000,
0.268,200.864,-36.177,37.627,-4.461,30.000,
0.270,200.528,-34.683,38.029,-4.530,30.000,
0.272,200.181,-33.246,38.429,-4.597,30.000,
0.274,199.822,-31.833,38.829,-4.660,30.000,
0.276,199.467,-30.412,39.227,-4.721,30.000,
0.278,199.134,-28.957,39.626,-4.779,30.000,
0.280,198.828,-27.467,40.023,-4.834,30.000,
0.282,198.548,-25.946,40.420,-4.886,30.000,
0.284,198.284,-24.414,40.817,-4.935,30.000,
0.286,198.036,-22.889,41.213,-4.980,30.000,
0.288,197.794,-21.362,41.609,-5.023,30.000,
0.290,197.554,-19.832,42.004,-5.063,30.000,
0.292,197.321,-18.317,42.398,-5.100,30.000,
0.294,197.100,-16.846,42.793,-5.133,30.000,
0.296,196.900,-15.444,43.186,-5.164,30.000,
0.298,196.732,-14.094,43.580,-5.192,30.000,
0.300,196.614,-12.740,43.973,-5.218,30.000,
0.302,196.545,-11.351,44.366,-5.240,30.000,
0.304,196.496,-9.939,44.759,-5.260,30.000,
0.306,196.441,-8.509,45.152,-5.277,30.000,
0.308,196.369,-7.087,45.545,-5.292,30.000,
0.310,196.300,-5.711,45.937,-5.303,30.000,
0.312,196.283,-4.389,46.330,-5.312,30.000,
0.314,196.388,-3.118,46.723,-5.318,30.000,
0.316,196.585,-2.129,47.116,-5.322,30.000,
0.318,196.965,-1.187,47.510,-5.325,30.000,
0.320,197.609,-0.163,47.905,-5.325,30.000,
0.322,198.566,0.980,48.302,-5.323,26.000,
0.324,199.827,2.201,48.702,-5.319,30.000,
0.326,201.343,3.437,49.105,-5.312,30.000,
0.328,203.052,4.654,49.511,-5.302,30.000,
0.330,204.900,5.842,49.920,-5.291,30.000,
0.332,206.852,6.937,50.334,-5.277,26.000,
0.334,208.902,7.870,50.752,-5.261,30.000,
0.336,211.048,8.559,51.174,-5.244,30.000,
0.338,213.268,8.933,51.601,-5.226,30.000,
0.340,215.534,8.934,52.032,-5.208,26.000,
0.342,217.823,8.523,52.467,-5.191,30.000,
0.344,220.121,7.701,52.908,-5.176,30.000,
0.346,222.412,6.523,53.352,-5.163,30.000,
0.348,224.684,5.073,53.802,-5.153,26.000,
0.350,226.932,3.436,54.256,-5.146,30.000,
0.353,229.149,1.649,54.714,-5.142,30.000,
0.354,231.745,-0.737,55.177,-5.144,30.000,
0.356,233.930,-2.934,55.645,-5.150,30.000,
0.358,235.877,-5.096,56.117,-5.160,26.000,
0.360,237.751,-7.375,56.593,-5.175,30.000,
0.362,239.636,-9.818,57.072,-5.194,30.000,
0.364,241.539,-12.378,57.555,-5.219,30.000,
0.366,243.439,-14.975,58.042,-5.249,30.000,
0.368,245.328,-17.553,58.532,-5.284,30.000,
0.370,247.202,-20.113,59.027,-5.324,30.000,
0.372,249.041,-22.680,59.525,-5.370,30.000,
0.374,250.826,-25.280,60.027,-5.420,30.000,
0.376,252.552,-27.920,60.532,-5.476,30.000,
0.378,254.232,-30.593,61.040,-5.537,30.000,
0.380,255.882,-33.276,61.552,-5.604,30.000,
0.382,257.511,-35.938,62.067,-5.676,30.000,
0.384,259.118,-38.568,62.585,-5.753,30.000,
0.386,260.692,-41.180,63.107,-5.835,30.000,
0.388,262.222,-43.782,63.631,-5.923,30.000,
0.390,263.712,-46.370,64.158,-6.016,30.000,
0.392,265.178,-48.974,64.689,-6.114,30.000,
0.394,266.638,-51.638,65.222,-6.217,30.000,
0.396,268.092,-54.380,65.758,-6.326,30.000,
0.398,269.527,-57.179,66.297,-6.440,30.000,
0.400,270.924,-59.990,66.839,-6.560,30.000,
0.402,272.271,-62.795,67.384,-6.685,30.000,
0.404,273.570,-65.592,67.931,-6.817,30.000,
0.406,274.836,-68.373,68.480,-6.953,30.000,
0.408,276.074,-71.138,69.033,-7.096,30.000,
0.410,277.278,-73.919,69.587,-7.244,30.000,
0.412,278.449,-76.762,70.144,-7.397,30.000,
0.414,279.582,-79.679,70.703,-7.556,30.000,
0.416,280.665,-82.645,71.265,-7.722,30.000,
0.418,281.696,-85.629,71.828,-7.893,30.000,
0.420,282.678,-88.606,72.393,-8.070,30.000,
0.422,283.618,-91.580,72.961,-8.253,30.000,
0.424,284.533,-94.561,73.530,-8.442,30.000,
0.426,285.423,-97.558,74.100,-8.638,30.000,
0.428,286.269,-100.589,74.673,-8.839,30.000,
0.430,287.055,-103.669,75.247,-9.046,30.000,
0.432,287.769,-106.803,75.823,-9.260,30.000,
0.434,288.404,-110.001,76.399,-9.480,30.000,
0.436,288.975,-113.268,76.977,-9.706,30.000,
0.438,289.496,-116.586,77.556,-9.939,30.000,
0.440,289.977,-119.926,78.136,-10.179,30.000,
0.442,290.430,-123.278,78.717,-10.426,30.000,
0.444,290.860,-126.629,79.299,-10.679,30.000,
0.446,291.249,-129.959,79.881,-10.939,30.000,
0.448,291.587,-133.261,80.465,-11.205,30.000,
0.450,291.880,-136.529,81.048,-11.479,30.000,
0.453,292.131,-139.774,81.633,-11.758,30.000,
0.454,292.334,-143.018,82.217,-12.044,30.000,
0.456,292.494,-146.290,82.802,-12.337,30.000,
0.458,292.625,-149.609,83.388,-12.636,30.000,
0.460,292.745,-152.949,83.973,-12.942,30.000,
0.462,292.850,-156.282,84.559,-13.254,30.000,
0.464,292.921,-159.608,85.145,-13.574,30.000,
0.466,292.940,-162.957,85.730,-13.900,30.000,
0.468,292.901,-166.346,86.316,-14.232,30.000,
0.470,292.806,-169.762,86.902,-14.572,30.000,
0.472,292.659,-173.186,87.487,-14.918,30.000,
0.474,292.462,-176.613,88.072,-15.271,30.000,
0.476,292.218,-180.041,88.657,-15.631,30.000,
0.478,291.928,-183.463,89.240,-15.998,30.000,
0.480,291.582,-186.890,89.824,-16.372,30.000,
0.482,291.178,-190.356,90.406,-16.753,30.000,
0.484,290.715,-193.875,90.987,-17.141,30.000,
0.486,290.194,-197.432,91.568,-17.535,30.000,
0.488,289.609,-201.010,92.147,-17.937,30.000,
0.490,288.959,-204.590,92.725,-18.347,30.000,
0.492,288.253,-208.156,93.301,-18.763,30.000,
0.494,287.509,-211.694,93.876,-19.186,30.000,
0.496,286.734,-215.201,94.450,-19.617,30.000,
0.498,285.918,-218.690,95.022,-20.054,30.000,
0.500,285.055,-222.183,95.592,-20.499,14.000,
0.502,284.151,-225.688,96.160,-20.950,14.000,
0.504,283.199,-229.193,96.727,-21.408,14.000,
0.506,282.190,-232.680,97.291,-21.874,14.000,
0.508,281.109,-236.141,97.853,-22.346,14.000,
0.510,279.949,-239.573,98.413,-22.825,14.000,
0.512,278.718,-242.981,98.970,-23.311,14.000,
0.514,277.420,-246.370,99.525,-23.804,14.000,
0.516,276.057,-249.731,100.077,-24.303,14.000,
0.518,274.635,-253.066,100.627,-24.809,14.000,
0.520,273.165,-256.386,101.173,-25.322,14.000,
0.522,271.651,-259.706,101.716,-25.842,14.000,
0.524,270.089,-263.039,102.256,-26.368,14.000,
0.526,268.480,-266.383,102.793,-26.900,14.000,
0.528,266.829,-269.719,103.327,-27.440,14.000,
0.530,265.145,-273.044,103.857,-27.986,14.000,
0.532,263.424,-276.353,104.384,-28.539,14.000,
0.534,261.641,-279.645,104.908,-29.098,14.000,
0.536,259.776,-282.936,105.427,-29.664,14.000,
0.538,257.837,-286.252,105.943,-30.236,14.000,
0.540,255.844,-289.602,106.454,-30.815,14.000,
0.542,253.799,-292.967,106.962,-31.401,14.000,
0.544,251.697,-296.321,107.465,-31.994,14.000,
0.546,249.535,-299.640,107.965,-32.593,14.000,
0.548,247.307,-302.899,108.459,-33.199,14.000,
0.550,245.010,-306.103,108.949,-33.811,14.000,
0.553,242.645,-309.269,109.434,-34.430,14.000,
0.554,240.222,-312.401,109.915,-35.055,14.000,
0.556,237.752,-315.503,110.390,-35.686,14.000,
0.558,235.236,-318.573,110.861,-36.323,14.000,
0.560,232.672,-321.594,111.326,-36.966,14.000,
0.562,230.050,-324.547,111.786,-37.615,14.000,
0.564,227.368,-327.434,112.241,-38.270,14.000,
0.566,224.630,-330.263,112.690,-38.931,14.000,
0.568,221.839,-333.036,113.134,-39.597,14.000,
0.570,218.992,-335.777,113.572,-40.268,14.000,
0.572,216.084,-338.512,114.004,-40.945,14.000,
0.574,213.118,-341.229,114.430,-41.628,14.000,
0.576,210.098,-343.912,114.851,-42.315,14.000,
0.578,207.032,-346.569,115.265,-43.009,14.000,
0.580,203.920,-349.213,115.672,-43.707,14.000,
0.582,200.752,-351.867,116.074,-44.411,14.000,
0.584,197.520,-354.521,116.469,-45.120,14.000,
0.586,194.222,-357.132,116.857,-45.834,14.000,
0.588,190.861,-359.676,117.239,-46.553,14.000,
0.590,187.443,-362.161,117.614,-47.278,14.000,
0.592,183.973,-364.585,117.982,-48.007,14.000,
0.594,180.458,-366.939,118.343,-48.741,14.000,
0.596,176.898,-369.229,118.697,-49.479,14.000,
0.598,173.296,-371.468,119.043,-50.222,14.000,
0.600,169.655,-373.649,119.383,-50.969,14.000,
0.602,165.979,-375.776,119.715,-51.721,14.000,
0.604,162.268,-377.884,120.039,-52.477,14.000,
0.606,158.517,-379.990,120.356,-53.237,14.000,
0.608,154.732,-382.050,120.666,-54.001,14.000,
0.610,150.916,-384.016,120.967,-54.769,14.000,
0.612,147.062,-385.885,121.262,-55.541,14.000,
0.614,143.169,-387.677,121.548,-56.316,14.000,
0.616,139.240,-389.410,121.826,-57.095,14.000,
0.618,135.282,-391.093,122.097,-57.877,14.000,
0.620,131.293,-392.734,122.360,-58.662,14.000,
0.622,127.261,-394.331,122.614,-59.451,14.000,
0.624,123.184,-395.860,122.860,-60.243,14.000,
0.626,119.069,-397.297,123.099,-61.037,14.000,
0.628,114.919,-398.634,123.328,-61.835,14.000,
0.630,110.726,-399.883,123.550,-62.635,14.000,
0.632,106.486,-401.060,123.763,-63.437,14.000,
0.634,102.199,-402.173,123.967,-64.241,14.000,
0.636,97.862,-403.232,124.163,-65.047,14.000,
0.638,93.473,-404.248,124.350,-65.856,14.000,
0.640,89.041,-405.231,124.528,-66.666,14.000,
0.642,84.580,-406.176,124.697,-67.479,14.000,
0.644,80.095,-407.067,124.857,-68.293,14.000,
0.646,75.582,-407.902,125.008,-69.109,14.000,
0.648,71.042,-408.686,125.151,-69.926,14.000,
0.650,66.470,-409.411,125.284,-70.745,14.000,
0.653,61.862,-410.062,125.407,-71.565,14.000,
0.654,57.215,-410.624,125.522,-72.386,14.000,
0.656,52.534,-411.088,125.627,-73.208,14.000,
0.658,47.837,-411.453,125.722,-74.031,14.000,
0.660,44.064,-411.680,125.811,-74.855,14.000,
0.662,40.408,-411.842,125.891,-75.678,14.000,
0.664,36.396,-411.978,125.964,-76.502,14.000,
0.666,31.915,-412.092,126.028,-77.327,14.000,
0.668,27.093,-412.165,126.082,-78.151,14.000,
0.670,22.132,-412.161,126.126,-78.975,14.000,
0.672,17.191,-412.062,126.161,-79.799,14.000,
0.674,12.339,-411.863,126.185,-80.623,14.000,
0.676,7.578,-411.549,126.201,-81.446,14.000,
0.678,2.878,-411.108,126.206,-82.268,14.000,
0.680,-1.799,-410.559,126.203,-83.089,14.000,
0.682,-6.483,-409.928,126.190,-83.909,14.000,
0.684,-11.195,-409.235,126.167,-84.728,14.000,
0.686,-15.936,-408.500,126.136,-85.545,14.000,
0.688,-20.699,-407.725,126.094,-86.360,14.000,
0.690,-25.477,-406.908,126.043,-87.174,14.000,
0.692,-30.279,-406.052,125.983,-87.986,14.000,
0.694,-35.105,-405.140,125.912,-88.796,14.000,
0.696,-39.941,-404.147,125.833,-89.605,14.000,
0.698,-44.777,-403.051,125.743,-90.411,14.000,
0.700,-49.608,-401.831,125.644,-91.214,14.000,
0.702,-54.434,-400.481,125.535,-92.015,14.000,
0.704,-59.252,-399.016,125.416,-92.813,14.000,
0.706,-64.065,-397.450,125.288,-93.608,14.000,
0.708,-68.864,-395.787,125.151,-94.400,14.000,
0.710,-73.647,-394.030,125.003,-95.188,14.000,
0.712,-78.407,-392.181,124.846,-95.972,14.000,
0.714,-83.141,-390.245,124.680,-96.753,14.000,
0.716,-87.851,-388.224,124.504,-97.529,14.000,
0.718,-92.532,-386.114,124.319,-98.302,14.000,
0.720,-97.180,-383.921,124.125,-99.069,14.000,
0.722,-101.794,-381.656,123.921,-99.833,14.000,
0.724,-106.378,-379.330,123.709,-100.591,14.000,
0.726,-110.938,-376.948,123.487,-101.345,14.000,
0.728,-115.473,-374.502,123.256,-102.094,14.000,
0.730,-119.976,-371.969,123.016,-102.838,14.000,
0.732,-124.447,-369.333,122.767,-103.577,14.000,
0.734,-128.890,-366.590,122.509,-104.310,14.000,
0.736,-133.300,-363.736,122.243,-105.038,14.000,
0.738,-137.670,-360.774,121.967,-105.759,14.000,
0.740,-141.989,-357.712,121.683,-106.474,14.000,
0.742,-146.254,-354.549,121.391,-107.184,14.000,
0.744,-150.471,-351.294,121.090,-107.886,14.000,
0.746,-154.646,-347.956,120.781,-108.582,14.000,
0.748,-158.782,-344.539,120.463,-109.271,14.000,
0.750,-162.886,-341.046,120.137,-109.953,14.000,
0.753,-166.951,-337.479,119.803,-110.628,14.000,
0.754,-171.740,-333.124,119.460,-111.294,14.000,
0.756,-175.784,-329.349,119.108,-111.953,14.000,
0.758,-179.369,-325.858,118.750,-112.605,14.000,
0.760,-182.803,-322.336,118.384,-113.250,14.000,
0.762,-186.285,-318.609,118.011,-113.887,14.000,
0.764,-189.877,-314.642,117.632,-114.516,14.000,
0.766,-193.550,-310.486,117.245,-115.137,14.000,
0.768,-197.234,-306.218,116.850,-115.749,14.000,
0.770,-200.857,-301.886,116.448,-116.353,14.000,
0.772,-204.385,-297.509,116.040,-116.948,14.000,
0.774,-207.809,-293.099,115.624,-117.534,14.000,
0.776,-211.141,-288.644,115.202,-118.112,14.000,
0.778,-214.406,-284.129,114.773,-118.680,14.000,
0.780,-217.623,-279.559,114.338,-119.239,14.000,
0.782,-220.794,-274.937,113.896,-119.789,14.000,
0.784,-223.898,-270.237,113.448,-120.329,14.000,
0.786,-226.897,-265.427,112.994,-120.860,14.000,
0.788,-229.771,-260.481,112.535,-121.381,14.000,
0.790,-232.525,-255.403,112.070,-121.892,14.000,
0.792,-235.170,-250.225,111.600,-122.393,14.000,
0.794,-237.705,-244.980,111.124,-122.882,14.000,
0.796,-240.140,-239.692,110.644,-123.362,14.000,
0.798,-242.481,-234.369,110.159,-123.831,14.000,
0.800,-244.734,-229.003,109.669,-124.289,14.000,
0.802,-246.901,-223.576,109.176,-124.736,14.000,
0.804,-248.979,-218.076,108.678,-125.172,14.000,
0.806,-250.965,-212.518,108.176,-125.597,14.000,
0.808,-252.872,-206.926,107.670,-126.011,14.000,
0.810,-254.694,-201.308,107.161,-126.413,14.000,
0.812,-256.416,-195.651,106.648,-126.805,14.000,
0.814,-258.030,-189.952,106.132,-127.185,14.000,
0.816,-259.530,-184.209,105.613,-127.553,14.000,
0.818,-260.914,-178.408,105.091,-127.910,14.000,
0.820,-262.185,-172.545,104.566,-128.255,14.000,
0.822,-263.350,-166.630,104.040,-128.588,14.000,
0.824,-264.407,-160.683,103.511,-128.910,14.000,
0.826,-265.345,-154.711,102.980,-129.219,14.000,
0.828,-266.162,-148.719,102.448,-129.516,14.000,
0.830,-266.868,-142.721,101.914,-129.802,14.000,
0.832,-267.466,-136.722,101.379,-130.075,14.000,
0.834,-267.971,-130.715,100.843,-130.337,14.000,
0.836,-268.385,-124.696,100.307,-130.586,14.000,
0.838,-268.684,-118.665,99.769,-130.823,14.000,
0.840,-268.847,-112.620,99.231,-131.049,14.000,
0.842,-268.859,-106.545,98.694,-131.262,14.000,
0.844,-268.718,-100.426,98.156,-131.463,14.000,
0.846,-268.434,-94.259,97.619,-131.651,14.000,
0.848,-268.034,-88.050,97.083,-131.827,14.000,
0.850,-267.540,-81.829,96.548,-131.991,14.000,
0.853,-266.948,-75.619,96.014,-132.142,14.000,
0.854,-266.233,-69.423,95.482,-132.281,14.000,
0.856,-265.369,-63.238,94.951,-132.408,14.000,
0.858,-264.355,-57.059,94.422,-132.522,14.000,
0.860,-263.209,-50.888,93.896,-132.623,14.000,
0.862,-261.950,-44.724,93.372,-132.713,14.000,
0.864,-260.593,-38.573,92.851,-132.790,14.000,
0.866,-259.137,-32.440,92.333,-132.855,14.000,
0.868,-257.569,-26.322,91.818,-132.908,14.000,
0.870,-255.878,-20.217,91.306,-132.948,14.000,
0.872,-254.063,-14.142,90.798,-132.976,14.000,
0.874,-252.122,-8.116,90.293,-132.992,14.000,
0.876,-250.044,-2.132,89.793,-132.997,14.000,
0.878,-247.818,3.822,89.298,-132.989,14.000,
0.880,-245.463,9.762,88.807,-132.970,14.000,
0.882,-242.990,15.685,88.321,-132.938,14.000,
0.884,-240.394,21.575,87.840,-132.895,14.000,
0.886,-237.656,27.410,87.365,-132.840,14.000,
0.888,-234.774,33.170,86.895,-132.774,14.000,
0.890,-231.757,38.861,86.432,-132.696,14.000,
0.892,-228.616,44.509,85.974,-132.607,14.000,
0.894,-225.358,50.128,85.524,-132.507,14.000,
0.896,-221.992,55.703,85.080,-132.395,14.000,
0.898,-218.527,61.215,84.643,-132.273,14.000,
0.900,-214.958,66.652,84.213,-132.140,14.000,
0.902,-211.265,72.006,83.790,-131.996,14.000,
0.904,-207.439,77.284,83.375,-131.841,14.000,
0.906,-203.488,82.488,82.968,-131.676,14.000,
0.908,-199.430,87.614,82.569,-131.501,14.000,
0.910,-195.273,92.665,82.179,-131.316,14.000,
0.912,-191.007,97.647,81.797,-131.120,14.000,
0.914,-186.632,102.548,81.424,-130.915,14.000,
0.916,-182.145,107.349,81.059,-130.701,14.000,
0.918,-177.532,112.062,80.704,-130.476,14.000,
0.920,-172.785,116.707,80.359,-130.243,14.000,
0.922,-167.922,121.293,80.023,-130.000,14.000,
0.924,-162.977,125.809,79.697,-129.749,14.000,
0.926,-157.978,130.220,79.381,-129.488,14.000,
0.928,-152.929,134.496,79.075,-129.219,14.000,
0.930,-147.808,138.634,78.780,-128.942,14.000,
0.932,-142.592,142.654,78.494,-128.657,14.000,
0.934,-137.263,146.584,78.220,-128.364,14.000,
0.936,-131.817,150.427,77.956,-128.063,14.000,
0.938,-126.250,154.168,77.704,-127.754,14.000,
0.940,-120.561,157.794,77.463,-127.439,14.000,
0.942,-114.760,161.305,77.233,-127.116,6.000,
0.944,-108.866,164.704,77.015,-126.787,6.000,
0.946,-102.898,167.989,76.810,-126.451,6.000,
0.948,-96.878,171.157,76.616,-126.109,6.000,
0.950,-90.832,174.212,76.434,-125.760,6.000,
0.953,-84.781,177.185,76.265,-125.406,6.000,
0.954,-78.768,180.071,76.107,-125.046,6.000,
0.956,-72.849,182.825,75.961,-124.680,6.000,
0.958,-67.071,185.411,75.827,-124.309,6.000,
0.960,-61.458,187.822,75.704,-123.933,6.000,
0.962,-56.009,190.069,75.592,-123.553,6.000,
0.964,-50.703,192.173,75.491,-123.169,6.000,
0.966,-45.513,194.154,75.400,-122.781,6.000,
0.968,-40.406,196.026,75.319,-122.389,6.000,
0.970,-35.356,197.797,75.248,-121.993,6.000,
0.972,-30.339,199.471,75.188,-121.594,6.000,
0.974,-25.334,201.048,75.137,-121.192,6.000,
0.976,-20.324,202.525,75.096,-120.787,6.000,
0.978,-15.299,203.902,75.066,-120.379,6.000,
0.980,-10.253,205.178,75.045,-119.969,6.000,
0.982,-5.181,206.352,75.035,-119.556,6.000,
0.984,-0.084,207.424,75.035,-119.141,6.000,
0.986,5.037,208.391,75.045,-118.724,6.000,
0.988,10.185,209.249,75.065,-118.306,6.000,
0.990,15.358,209.995,75.096,-117.886,6.000,
0.992,20.556,210.625,75.137,-117.465,6.000,
0.994,25.776,211.138,75.188,-117.042,6.000,
0.996,31.011,211.531,75.250,-116.619,6.000,
0.998,36.255,211.804,75.323,-116.196,6.000,
1.000,41.503,211.958,75.406,-115.772,6.000,
1.002,45.720,211.995,75.497,-115.348,6.000,
1.004,49.816,211.937,75.597,-114.924,6.000,
1.006,54.309,211.786,75.706,-114.500,6.000,
1.008,59.309,211.533,75.824,-114.077,6.000,
1.010,64.670,211.169,75.954,-113.655,6.000,
1.012,70.169,210.683,76.094,-113.234,6.000,
1.014,75.629,210.072,76.245,-112.814,6.000,
1.016,80.968,209.337,76.407,-112.395,6.000,
1.018,86.187,208.484,76.580,-111.978,6.000,
1.020,91.324,207.516,76.762,-111.563,6.000,
1.022,96.421,206.431,76.955,-111.150,6.000,
1.024,101.505,205.232,77.158,-110.740,6.000,
1.026,106.579,203.922,77.371,-110.332,6.000,
1.028,111.639,202.500,77.594,-109.927,6.000,
1.030,116.672,200.965,77.828,-109.525,6.000,
1.032,121.669,199.309,78.071,-109.126,6.000,
1.034,126.628,197.532,78.324,-108.731,6.000,
1.036,131.547,195.647,78.588,-108.340,6.000,
1.038,136.424,193.670,78.860,-107.952,6.000,
1.040,141.256,191.605,79.143,-107.569,6.000,
1.042,146.041,189.438,79.435,-107.190,6.000,
1.044,150.771,187.149,79.736,-106.816,6.000,
1.046,155.441,184.736,80.047,-106.447,6.000,
1.048,160.049,182.203,80.367,-106.082,6.000,
1.050,164.597,179.559,80.697,-105.723,6.000,
1.053,169.082,176.813,81.035,-105.369,6.000,
1.054,174.364,173.391,81.384,-105.023,6.000,
1.056,178.826,170.381,81.741,-104.682,6.000,
1.058,182.791,167.563,82.107,-104.347,6.000,
1.060,186.592,164.716,82.480,-104.017,6.000,
1.062,190.435,161.700,82.861,-103.694,6.000,
1.064,194.382,158.475,83.250,-103.377,6.000,
1.066,198.393,155.067,83.646,-103.067,6.000,
1.068,202.392,151.526,84.051,-102.764,6.000,
1.070,206.314,147.896,84.464,-102.468,6.000,
1.072,210.126,144.203,84.884,-102.180,6.000,
1.074,213.822,140.454,85.312,-101.899,6.000,
1.076,217.409,136.640,85.747,-101.625,6.000,
1.078,220.903,132.752,86.188,-101.360,6.000,
1.080,224.313,128.786,86.637,-101.102,6.000,
1.082,227.644,124.738,87.092,-100.853,6.000,
1.084,230.894,120.613,87.554,-100.612,6.000,
1.086,234.056,116.413,88.022,-100.379,6.000,
1.088,237.124,112.143,88.496,-100.155,6.000,
1.090,240.090,107.806,88.977,-99.939,6.000,
1.092,242.954,103.405,89.462,-99.732,6.000,
1.094,245.717,98.943,89.954,-99.534,6.000,
1.096,248.378,94.420,90.451,-99.345,6.000,
1.098,250.936,89.838,90.953,-99.166,6.000,
1.100,253.389,85.200,91.459,-98.995,6.000,
1.102,255.736,80.509,91.971,-98.834,6.000,
1.104,257.977,75.766,92.487,-98.683,6.000,
1.106,260.113,70.976,93.007,-98.541,6.000,
1.108,262.144,66.142,93.531,-98.408,6.000,
1.110,264.070,61.265,94.059,-98.286,6.000,
1.112,265.887,56.348,94.591,-98.173,6.000,
1.114,267.593,51.392,95.126,-98.070,6.000,
1.116,269.186,46.399,95.665,-97.978,6.000,
1.118,270.665,41.368,96.206,-97.895,6.000,
1.120,272.028,36.303,96.750,-97.822,6.000,
1.122,273.278,31.210,97.297,-97.760,6.000,
1.124,274.416,26.089,97.846,-97.708,6.000,
1.126,275.438,20.942,98.396,-97.666,6.000,
1.128,276.345,15.771,98.949,-97.634,6.000,
1.130,277.133,10.581,99.503,-97.613,6.000,
1.132,277.801,5.375,100.059,-97.602,6.000,
1.134,278.354,0.156,100.616,-97.602,6.000,
1.136,278.794,-5.075,101.173,-97.612,6.000,
1.138,279.123,-10.314,101.731,-97.633,6.000,
1.140,279.338,-15.558,102.290,-97.664,6.000,
1.142,279.439,-20.805,102.849,-97.706,6.000,
1.144,279.424,-26.055,103.408,-97.758,6.000,
1.146,279.290,-31.304,103.966,-97.820,6.000,
1.148,279.038,-36.548,104.525,-97.893,6.000,
1.150,278.671,-41.782,105.082,-97.977,6.000,
1.153,278.188,-47.001,105.638,-98.071,6.000,
1.154,277.588,-52.205,106.193,-98.175,6.000,
1.156,276.866,-57.397,106.747,-98.290,6.000,
1.158,276.026,-62.577,107.299,-98.415,6.000,
1.160,275.072,-67.745,107.849,-98.551,6.000,
1.162,274.007,-72.894,108.397,-98.697,6.000,
1.164,272.832,-78.021,108.943,-98.853,6.000,
1.166,271.550,-83.118,109.486,-99.019,6.000,
1.168,270.158,-88.181,110.026,-99.195,6.000,
1.170,268.655,-93.211,110.564,-99.382,6.000,
1.172,267.034,-98.204,111.098,-99.578,6.000,
1.174,265.296,-103.163,111.628,-99.784,6.000,
1.176,263.443,-108.085,112.155,-100.001,6.000,
1.178,261.479,-112.967,112.678,-100.227,6.000,
1.180,259.410,-117.805,113.197,-100.462,6.000,
1.182,257.237,-122.592,113.712,-100.707,6.000,
1.184,254.963,-127.328,114.221,-100.962,6.000,
1.186,252.589,-132.010,114.727,-101.226,6.000,
1.188,250.116,-136.637,115.227,-101.499,6.000,
1.190,247.543,-141.207,115.722,-101.782,6.000,
1.192,244.867,-145.717,116.212,-102.073,6.000,
1.194,242.089,-150.166,116.696,-102.373,6.000,
1.196,239.207,-154.552,117.174,-102.683,6.000,
1.198,236.230,-158.873,117.647,-103.000,6.000,
1.200,233.163,-163.126,118.113,-103.327,6.000,
1.202,230.007,-167.304,118.573,-103.661,6.000,
1.204,226.761,-171.407,119.027,-104.004,6.000,
1.206,223.426,-175.437,119.473,-104.355,6.000,
1.208,219.998,-179.395,119.913,-104.714,6.000,
1.210,216.479,-183.280,120.346,-105.080,6.000,
1.212,212.870,-187.090,120.772,-105.454,6.000,
1.214,209.175,-190.823,121.191,-105.836,6.000,
1.216,205.402,-194.474,121.601,-106.225,6.000,
1.218,201.554,-198.041,122.004,-106.621,6.000,
1.220,197.636,-201.520,122.400,-107.024,6.000,
1.222,193.647,-204.910,122.787,-107.434,6.000,
1.224,189.584,-208.209,123.166,-107.850,6.000,
1.226,185.447,-211.416,123.537,-108.273,6.000,
1.228,181.234,-214.528,123.900,-108.702,6.000,
1.230,176.947,-217.542,124.253,-109.137,6.000,
1.232,172.591,-220.453,124.599,-109.578,6.000,
1.234,168.170,-223.263,124.935,-110.025,6.000,
1.236,163.689,-225.973,125.262,-110.477,6.000,
1.238,159.150,-228.589,125.581,-110.934,6.000,
1.240,154.557,-231.115,125.890,-111.396,6.000,
1.242,149.916,-233.550,126.190,-111.863,6.000,
1.244,145.230,-235.891,126.480,-112.335,6.000,
1.246,140.501,-238.133,126.761,-112.811,6.000,
1.248,135.723,-240.275,127.032,-113.292,6.000,
1.250,130.890,-242.306,127.294,-113.776,6.000,
1.253,126.003,-244.216,127.546,-114.265,6.000,
1.254,121.070,-246.004,127.788,-114.757,6.000,
1.256,116.100,-247.672,128.021,-115.252,6.000,
1.258,111.097,-249.220,128.243,-115.751,6.000,
1.260,106.067,-250.648,128.455,-116.252,6.000,
1.262,101.010,-251.959,128.657,-116.756,6.000,
1.264,95.926,-253.156,128.849,-117.262,6.000,
1.266,90.815,-254.239,129.030,-117.771,6.000,
1.268,85.679,-255.210,129.202,-118.281,6.000,
1.270,80.523,-256.070,129.363,-118.793,6.000,
1.272,75.351,-256.816,129.514,-119.307,6.000,
1.274,70.166,-257.448,129.654,-119.822,6.000,
1.276,64.973,-257.965,129.784,-120.338,6.000,
1.278,59.776,-258.363,129.903,-120.854,6.000,
1.280,54.575,-258.645,130.013,-121.372,6.000,
1.282,49.371,-258.811,130.111,-121.889,6.000,
1.284,44.164,-258.867,130.200,-122.407,6.000,
1.286,38.954,-258.811,130.278,-122.925,6.000,
1.288,33.743,-258.643,130.345,-123.442,6.000,
1.290,28.534,-258.360,130.402,-123.959,6.000,
1.292,23.333,-257.962,130.449,-124.475,6.000,
1.294,18.146,-257.447,130.485,-124.989,6.000,
1.296,12.975,-256.817,130.511,-125.503,6.000,
1.298,7.822,-256.070,130.527,-126.015,6.000,
1.300,2.688,-255.204,130.532,-126.526,6.000,
1.302,-2.427,-254.221,130.527,-127.034,6.000,
1.304,-7.519,-253.120,130.512,-127.540,6.000,
1.306,-12.586,-251.905,130.487,-128.044,6.000,
1.308,-17.626,-250.576,130.452,-128.545,6.000,
1.310,-22.636,-249.136,130.406,-129.044,6.000,
1.312,-27.610,-247.584,130.351,-129.539,6.000,
1.314,-32.543,-245.921,130.286,-130.031,6.000,
1.316,-37.432,-244.149,130.211,-130.519,6.000,
1.318,-42.274,-242.270,130.127,-131.003,6.000,
1.320,-47.074,-240.285,130.033,-131.484,6.000,
1.322,-51.830,-238.195,129.929,-131.960,6.000,
1.324,-56.544,-235.998,129.816,-132.432,6.000,
1.326,-61.213,-233.696,129.693,-132.900,6.000,
1.328,-65.831,-231.292,129.562,-133.362,6.000,
1.330,-70.393,-228.787,129.421,-133.820,6.000,
1.332,-74.896,-226.181,129.271,-134.272,6.000,
1.334,-79.336,-223.473,129.112,-134.719,6.000,
1.336,-83.714,-220.662,128.945,-135.161,6.000,
1.338,-88.026,-217.747,128.769,-135.596,6.000,
1.340,-92.270,-214.733,128.584,-136.025,6.000,
1.342,-96.443,-211.621,128.392,-136.449,6.000,
1.344,-100.542,-208.415,128.190,-136.866,6.000,
1.346,-103.782,-205.776,127.983,-137.277,6.000,
1.348,-106.869,-203.150,127.769,-137.683,6.000,
1.350,-110.196,-200.210,127.549,-138.084,6.000,
1.353,-113.842,-196.880,127.321,-138.478,6.000,
1.354,-118.415,-192.513,127.084,-138.863,6.000,
1.356,-122.380,-188.604,126.839,-139.240,6.000,
1.358,-125.883,-184.981,126.588,-139.610,6.000,
1.360,-129.146,-181.415,126.329,-139.973,6.000,
1.362,-132.346,-177.732,126.065,-140.328,6.000,
1.364,-135.568,-173.860,125.794,-140.676,6.000,
1.366,-138.813,-169.808,125.516,-141.015,6.000,
1.368,-142.037,-165.624,125.232,-141.347,6.000,
1.370,-145.187,-161.358,124.942,-141.669,6.000,
1.372,-148.225,-157.045,124.645,-141.983,6.000,
1.374,-151.137,-152.696,124.343,-142.289,6.000,
1.376,-153.926,-148.307,124.035,-142.585,6.000,
1.378,-156.602,-143.864,123.722,-142.873,6.000,
1.380,-159.172,-139.359,123.403,-143.152,6.000,
1.382,-161.637,-134.787,123.080,-143.422,6.000,
1.384,-163.999,-130.153,122.752,-143.682,6.000,
1.386,-166.260,-125.460,122.420,-143.933,6.000,
1.388,-168.421,-120.715,122.083,-144.174,6.000,
1.390,-170.481,-115.922,121.742,-144.406,6.000,
1.392,-172.441,-111.089,121.397,-144.628,6.000,
1.394,-174.300,-106.218,121.048,-144.841,6.000,
1.396,-176.054,-101.311,120.696,-145.043,6.000,
1.398,-177.698,-96.368,120.341,-145.236,6.000,
1.400,-179.229,-91.389,119.982,-145.419,6.000,
1.402,-180.646,-86.377,119.621,-145.592,6.000,
1.404,-181.947,-81.333,119.257,-145.754,6.000,
1.406,-183.131,-76.260,118.891,-145.907,6.000,
1.408,-184.199,-71.162,118.523,-146.049,6.000,
1.410,-185.149,-66.043,118.152,-146.181,6.000,
1.412,-185.980,-60.908,117.780,-146.303,6.000,
1.414,-186.694,-55.756,117.407,-146.414,6.000,
1.416,-187.292,-50.585,117.032,-146.516,6.000,
1.418,-187.777,-45.396,116.657,-146.606,6.000,
1.420,-188.149,-40.190,116.280,-146.687,6.000,
1.422,-188.406,-34.974,115.904,-146.757,6.000,
1.424,-188.546,-29.753,115.527,-146.816,6.000,
1.426,-188.566,-24.532,115.149,-146.865,6.000,
1.428,-188.468,-19.314,114.772,-146.904,6.000,
1.430,-188.252,-14.104,114.396,-146.932,6.000,
1.432,-187.923,-8.900,114.020,-146.950,6.000,
1.434,-187.479,-3.702,113.645,-146.957,6.000,
1.436,-186.920,1.486,113.271,-146.954,6.000,
1.438,-186.247,6.661,112.899,-146.941,6.000,
1.440,-185.456,11.820,112.528,-146.917,6.000,
1.442,-184.548,16.963,112.159,-146.883,6.000,
1.444,-183.523,22.090,111.792,-146.839,6.000,
1.446,-182.384,27.196,111.427,-146.785,6.000,
1.448,-181.131,32.280,111.065,-146.720,6.000,
1.450,-179.766,37.336,110.705,-146.646,6.000,
1.453,-178.288,42.360,110.349,-146.561,6.000,
1.454,-176.696,47.341,109.995,-146.466,6.000,
1.456,-174.988,52.273,109.645,-146.362,6.000,
1.458,-173.165,57.155,109.299,-146.247,6.000,
1.460,-171.230,61.987,108.956,-146.123,6.000,
1.462,-169.184,66.770,108.618,-145.990,6.000,
1.464,-167.030,71.508,108.284,-145.847,6.000,
1.466,-164.770,76.202,107.954,-145.694,6.000,
1.468,-162.409,80.851,107.630,-145.533,6.000,
1.470,-159.951,85.452,107.310,-145.362,6.000,
1.472,-157.396,89.999,106.995,-145.182,6.000,
1.474,-154.746,94.492,106.685,-144.993,6.000,
1.476,-151.999,98.927,106.382,-144.795,6.000,
1.478,-149.156,103.303,106.083,-144.588,6.000,
1.480,-146.214,107.618,105.791,-144.373,6.000,
1.482,-143.175,111.870,105.504,-144.149,6.000,
1.484,-140.041,116.053,105.224,-143.917,6.000,
1.486,-136.814,120.160,104.951,-143.677,6.000,
1.488,-133.496,124.189,104.684,-143.429,6.000,
1.490,-130.089,128.138,104.424,-143.172,6.000,
1.492,-126.587,131.938,104.170,-142.908,6.000,
1.494,-122.923,135.042,103.925,-142.638,6.000,
1.496,-118.940,136.417,103.687,-142.366,6.000,
1.498,-114.515,135.284,103.458,-142.095,6.000,
1.500,-109.682,131.553,103.238,-141.832,38.000,
1.502,-104.600,125.738,103.029,-141.580,38.000,
1.504,-99.459,118.547,102.830,-141.343,38.000,
1.506,-94.429,110.551,102.641,-141.122,38.000,
1.508,-89.639,102.168,102.462,-140.918,38.000,
1.510,-85.178,93.810,102.292,-140.730,38.000,
1.512,-81.093,85.928,102.129,-140.558,38.000,
1.514,-77.393,78.947,101.975,-140.401,38.000,
1.516,-74.074,73.169,101.826,-140.254,38.000,
1.518,-70.994,68.420,101.685,-140.117,38.000,
1.520,-67.975,64.639,101.549,-139.988,38.000,
1.522,-65.030,62.018,101.419,-139.864,38.000,
1.524,-62.174,60.144,101.294,-139.744,38.000,
1.526,-59.249,58.217,101.176,-139.627,38.000,
1.528,-56.156,56.637,101.063,-139.514,38.000,
1.530,-53.270,56.380,100.957,-139.401,38.000,
1.532,-51.008,57.748,100.855,-139.286,38.000,
1.534,-49.395,60.135,100.756,-139.166,38.000,
1.536,-48.119,62.694,100.660,-139.040,38.000,
1.538,-46.820,64.883,100.566,-138.910,38.000,
1.540,-45.308,66.530,100.476,-138.777,38.000,
1.542,-43.764,67.729,100.388,-138.642,38.000,
1.544,-43.236,68.743,100.302,-138.504,38.000,
1.546,-45.589,69.862,100.210,-138.365,38.000,
1.548,-51.462,70.788,100.107,-138.223,38.000,
1.550,-59.737,70.753,99.988,-138.082,38.000,
1.552,-68.872,69.217,99.850,-137.943,38.000,
1.554,-77.701,66.144,99.695,-137.811,38.000,
1.556,-85.601,61.974,99.524,-137.687,38.000,
1.558,-92.480,57.415,99.339,-137.572,38.000,
1.560,-98.643,53.202,99.141,-137.466,38.000,
1.562,-104.499,49.906,98.932,-137.366,38.000,
1.564,-110.253,47.834,98.712,-137.270,38.000,
1.566,-115.817,47.036,98.480,-137.176,38.000,
1.568,-120.901,47.399,98.238,-137.081,38.000,
1.570,-125.126,48.961,97.988,-136.983,38.000,
1.572,-128.081,52.225,97.732,-136.879,38.000,
1.574,-129.521,57.722,97.473,-136.763,38.000,
1.576,-129.496,65.477,97.214,-136.633,38.000,
1.578,-128.254,75.022,96.957,-136.482,38.000,
1.580,-126.058,85.726,96.705,-136.311,38.000,
1.582,-123.051,97.086,96.459,-136.117,38.000,
1.584,-119.228,108.804,96.221,-135.899,38.000,
1.586,-114.518,120.685,95.992,-135.658,38.000,
1.588,-108.918,132.495,95.774,-135.393,38.000,
1.590,-102.570,143.927,95.569,-135.105,38.000,
1.592,-95.729,154.653,95.377,-134.796,38.000,
1.594,-88.680,164.409,95.200,-134.467,38.000,
1.596,-81.658,173.039,95.037,-134.121,38.000,
1.598,-74.803,180.506,94.887,-133.760,38.000,
1.600,-68.171,186.858,94.751,-133.386,38.000,
1.602,-61.758,192.192,94.627,-133.002,38.000,
1.604,-55.530,196.631,94.516,-132.608,38.000,
1.606,-49.453,200.300,94.417,-132.208,38.000,
1.608,-43.505,203.312,94.330,-131.801,38.000,
1.610,-37.670,205.772,94.255,-131.390,38.000,
1.612,-31.934,207.773,94.191,-130.974,38.000,
1.614,-26.278,209.368,94.138,-130.555,38.000,
1.616,-20.663,210.527,94.097,-130.134,38.000,
1.618,-15.025,211.112,94.067,-129.712,38.000,
1.620,-9.303,210.899,94.048,-129.290,38.000,
1.622,-3.468,209.603,94.042,-128.871,38.000,
1.624,2.467,206.891,94.046,-128.457,38.000,
1.626,8.474,202.410,94.063,-128.053,38.000,
1.628,14.508,195.880,94.092,-127.661,38.000,
1.630,20.509,187.236,94.133,-127.286,38.000,
1.632,26.404,176.770,94.186,-126.933,38.000,
1.634,32.105,165.123,94.250,-126.603,38.000,
1.636,37.523,153.115,94.325,-126.296,38.000,
1.638,42.588,141.524,94.411,-126.013,38.000,
1.640,47.259,130.927,94.505,-125.751,38.000,
1.642,51.527,121.639,94.608,-125.508,38.000,
1.644,55.417,113.743,94.719,-125.281,38.000,
1.646,58.977,107.160,94.837,-125.066,38.000,
1.648,62.278,101.708,94.962,-124.863,38.000,
1.650,65.414,97.152,95.092,-124.669,38.000,
1.652,68.491,93.232,95.229,-124.482,38.000,
1.654,71.621,89.687,95.373,-124.303,38.000,
1.656,74.906,86.286,95.522,-124.130,38.000,
1.658,78.414,82.869,95.679,-123.964,38.000,
1.660,82.153,79.373,95.844,-123.806,38.000,
1.662,86.064,75.820,96.016,-123.654,38.000,
1.664,90.046,72.285,96.196,-123.509,38.000,
1.666,93.988,68.859,96.384,-123.372,38.000,
1.668,97.791,65.608,96.579,-123.241,38.000,
1.670,101.383,62.564,96.782,-123.115,38.000,
1.672,104.722,59.728,96.992,-122.996,38.000,
1.674,107.791,57.076,97.207,-122.882,38.000,
1.676,110.604,54.573,97.428,-122.773,38.000,
1.678,113.209,52.167,97.655,-122.668,38.000,
1.680,115.672,49.794,97.886,-122.569,38.000,
1.682,118.065,47.394,98.122,-122.474,38.000,
1.684,120.444,45.067,98.363,-122.384,38.000,
1.686,122.725,43.455,98.609,-122.297,38.000,
1.688,124.746,43.252,98.858,-122.210,38.000,
1.690,126.147,44.200,99.110,-122.122,38.000,
1.692,127.272,46.189,99.365,-122.030,38.000,
1.694,128.426,48.773,99.622,-121.932,38.000,
1.696,129.825,51.369,99.881,-121.829,38.000,
1.698,131.550,53.513,100.145,-121.722,38.000,
1.700,133.449,55.196,100.411,-121.612,38.000,
1.702,135.252,56.746,100.682,-121.498,38.000,
1.704,136.845,58.342,100.956,-121.382,38.000,
1.706,138.316,59.857,101.232,-121.262,38.000,
1.708,139.842,60.987,101.512,-121.140,38.000,
1.710,141.564,61.441,101.795,-121.017,38.000,
1.712,143.530,61.061,102.082,-120.895,38.000,
1.714,145.699,59.850,102.374,-120.775,38.000,
1.716,147.976,57.914,102.669,-120.660,38.000,
1.718,150.261,55.389,102.970,-120.549,38.000,
1.720,152.470,52.383,103.275,-120.444,38.000,
1.722,154.549,48.950,103.584,-120.346,38.000,
1.724,156.468,45.094,103.897,-120.256,38.000,
1.726,158.206,40.796,104.213,-120.174,38.000,
1.728,159.741,36.052,104.533,-120.102,38.000,
1.730,161.051,30.903,104.855,-120.040,38.000,
1.732,162.115,25.440,105.179,-119.990,38.000,
1.734,162.929,19.801,105.505,-119.950,38.000,
1.736,163.502,14.142,105.832,-119.922,38.000,
1.738,163.858,8.605,106.160,-119.904,38.000,
1.740,164.032,3.301,106.488,-119.898,38.000,
1.742,164.064,-1.700,106.816,-119.901,38.000,
1.744,163.987,-6.371,107.144,-119.914,38.000,
1.746,163.826,-10.719,107.472,-119.935,38.000,
1.748,163.599,-14.770,107.799,-119.965,38.000,
1.750,163.321,-18.555,108.125,-120.002,6.000,
1.752,162.996,-22.108,108.451,-120.046,6.000,
1.754,162.631,-25.459,108.777,-120.097,6.000,
1.756,162.227,-28.635,109.101,-120.154,6.000,
1.758,161.790,-31.666,109.425,-120.218,6.000,
1.760,161.315,-34.586,109.747,-120.287,6.000,
1.762,160.796,-37.434,110.069,-120.362,6.000,
1.764,160.220,-40.248,110.389,-120.442,6.000,
1.766,159.576,-43.059,110.709,-120.528,6.000,
1.768,158.855,-45.882,111.026,-120.620,6.000,
1.770,158.055,-48.728,111.342,-120.718,6.000,
1.772,157.176,-51.605,111.657,-120.821,6.000,
1.774,156.216,-54.520,111.969,-120.930,6.000,
1.776,155.167,-57.486,112.279,-121.045,6.000,
1.778,154.023,-60.520,112.588,-121.166,6.000,
1.780,152.780,-63.638,112.893,-121.293,6.000,
1.782,151.436,-66.856,113.196,-121.427,6.000,
1.784,149.992,-70.188,113.496,-121.567,6.000,
1.786,148.443,-73.646,113.793,-121.715,6.000,
1.788,146.784,-77.241,114.086,-121.869,6.000,
1.790,145.015,-80.992,114.376,-122.031,6.000,
1.792,143.133,-84.926,114.663,-122.201,6.000,
1.794,141.137,-89.069,114.945,-122.379,6.000,
1.796,139.027,-93.441,115.223,-122.566,6.000,
1.798,136.803,-98.049,115.497,-122.762,6.000,
1.800,134.472,-102.877,115.766,-122.968,6.000,
1.802,132.040,-107.878,116.030,-123.184,6.000,
1.804,129.523,-112.970,116.289,-123.409,6.000,
1.806,126.940,-118.043,116.543,-123.646,6.000,
1.808,124.310,-122.984,116.791,-123.892,6.000,
1.810,121.652,-127.690,117.034,-124.147,6.000,
1.812,118.981,-132.089,117.272,-124.411,6.000,
1.814,116.304,-136.151,117.505,-124.683,6.000,
1.816,113.618,-139.889,117.732,-124.963,6.000,
1.818,110.914,-143.347,117.954,-125.250,6.000,
1.820,108.180,-146.587,118.170,-125.543,6.000,
1.822,105.404,-149.665,118.381,-125.842,6.000,
1.824,102.575,-152.628,118.586,-126.148,6.000,
1.826,99.688,-155.498,118.786,-126.459,6.000,
1.828,96.743,-158.286,118.979,-126.775,6.000,
1.830,93.746,-160.988,119.167,-127.097,6.000,
1.832,90.703,-163.608,119.348,-127.424,6.000,
1.834,87.615,-166.150,119.523,-127.757,6.000,
1.836,84.482,-168.618,119.692,-128.094,6.000,
1.838,81.301,-171.016,119.855,-128.436,6.000,
1.840,78.071,-173.342,120.011,-128.783,6.000,
1.842,74.793,-175.589,120.161,-129.134,6.000,
1.844,71.470,-177.750,120.304,-129.489,6.000,
1.846,68.108,-179.824,120.440,-129.849,6.000,
1.848,64.706,-181.811,120.569,-130.213,6.000,
1.850,61.266,-183.715,120.692,-130.580,6.000,
1.852,57.786,-185.541,120.807,-130.951,6.000,
1.854,54.266,-187.290,120.916,-131.326,6.000,
1.856,50.705,-188.960,121.017,-131.704,6.000,
1.858,47.101,-190.554,121.112,-132.085,6.000,
1.860,43.456,-192.075,121.198,-132.469,6.000,
1.862,39.771,-193.528,121.278,-132.856,6.000,
1.864,36.050,-194.908,121.350,-133.246,6.000,
1.866,32.300,-196.206,121.415,-133.638,6.000,
1.868,28.537,-197.407,121.472,-134.033,6.000,
1.870,24.772,-198.498,121.521,-134.430,6.000,
1.872,21.013,-199.471,121.563,-134.829,6.000,
1.874,17.264,-200.328,121.598,-135.230,6.000,
1.876,13.528,-201.078,121.625,-135.632,6.000,
1.878,9.803,-201.729,121.645,-136.035,6.000,
1.880,6.086,-202.289,121.657,-136.440,6.000,
1.882,2.376,-202.762,121.661,-136.845,6.000,
1.884,-1.321,-203.148,121.659,-137.252,6.000,
1.886,-4.997,-203.446,121.649,-137.658,6.000,
1.888,-8.642,-203.661,121.632,-138.066,6.000,
1.890,-12.247,-203.795,121.607,-138.473,6.000,
1.892,-15.805,-203.850,121.575,-138.881,6.000,
1.894,-19.306,-203.825,121.537,-139.289,6.000,
1.896,-22.744,-203.721,121.491,-139.696,6.000,
1.898,-26.118,-203.536,121.439,-140.103,6.000,
1.900,-29.429,-203.268,121.380,-140.510,6.000,
1.902,-32.682,-202.923,121.315,-140.916,6.000,
1.904,-35.879,-202.506,121.243,-141.321,6.000,
1.906,-39.029,-202.027,121.165,-141.725,6.000,
1.908,-42.140,-201.491,121.081,-142.128,6.000,
1.910,-45.222,-200.901,120.990,-142.529,6.000,
1.912,-48.284,-200.255,120.894,-142.930,6.000,
1.914,-51.333,-199.549,120.791,-143.329,6.000,
1.916,-54.376,-198.782,120.682,-143.727,6.000,
1.918,-57.420,-197.950,120.567,-144.123,6.000,
1.920,-60.471,-197.052,120.447,-144.517,6.000,
1.922,-63.534,-196.087,120.319,-144.909,6.000,
1.924,-66.609,-195.053,120.186,-145.299,6.000,
1.926,-69.696,-193.950,120.047,-145.687,6.000,
1.928,-72.791,-192.778,119.901,-146.072,6.000,
1.930,-75.888,-191.538,119.750,-146.455,6.000,
1.932,-78.980,-190.233,119.592,-146.836,6.000,
1.934,-82.064,-188.860,119.427,-147.214,6.000,
1.936,-85.139,-187.419,119.257,-147.588,6.000,
1.938,-88.206,-185.905,119.081,-147.960,6.000,
1.940,-91.262,-184.316,118.898,-148.329,6.000,
1.942,-94.295,-182.650,118.710,-148.694,6.000,
1.944,-97.293,-180.902,118.515,-149.056,6.000,
1.946,-100.239,-179.063,118.315,-149.414,6.000,
1.948,-103.116,-177.122,118.108,-149.768,6.000,
1.950,-105.915,-175.068,117.896,-150.118,6.000,
1.952,-108.613,-172.887,117.679,-150.464,6.000,
1.954,-111.177,-170.551,117.457,-150.805,6.000,
1.956,-113.567,-168.039,117.230,-151.141,6.000,
1.958,-115.754,-165.342,116.998,-151.472,6.000,
1.960,-117.721,-162.471,116.763,-151.797,6.000,
1.962,-119.453,-159.442,116.524,-152.116,6.000,
1.964,-120.923,-156.267,116.282,-152.428,6.000,
1.966,-122.100,-152.951,116.038,-152.734,6.000,
1.968,-122.962,-149.496,115.792,-153.033,6.000,
1.970,-123.506,-145.918,115.545,-153.325,6.000,
1.972,-123.774,-142.256,115.297,-153.610,6.000,
1.974,-123.853,-138.571,115.050,-153.887,6.000,
1.976,-123.850,-134.934,114.802,-154.157,6.000,
1.978,-123.860,-131.401,114.554,-154.420,6.000,
1.980,-123.947,-128.007,114.306,-154.676,6.000,
1.982,-124.148,-124.761,114.058,-154.925,6.000,
1.984,-124.470,-121.655,113.809,-155.168,6.000,
1.986,-124.910,-118.672,113.559,-155.406,6.000,
1.988,-125.453,-115.795,113.308,-155.637,6.000,
1.990,-126.082,-113.010,113.056,-155.863,6.000,
1.992,-126.785,-110.302,112.803,-156.084,6.000,
1.994,-127.550,-107.653,112.548,-156.299,6.000,
1.996,-128.365,-105.047,112.291,-156.509,6.000,
1.998,-129.217,-102.473,112.032,-156.714,6.000,
2.000,-130.095,-99.922,111.772,-156.914,6.000,
2.002,-130.988,-97.389,111.510,-157.109,6.000,
2.004,-131.885,-94.871,111.246,-157.299,6.000,
2.006,-132.772,-92.367,110.981,-157.483,6.000,
2.008,-133.639,-89.875,110.714,-157.663,6.000,
2.010,-134.478,-87.391,110.445,-157.838,6.000,
2.012,-135.283,-84.910,110.174,-158.008,6.000,
2.014,-136.054,-82.430,109.902,-158.173,6.000,
2.016,-136.790,-79.950,109.628,-158.333,6.000,
2.018,-137.487,-77.465,109.353,-158.487,6.000,
2.020,-138.136,-74.969,109.077,-158.637,6.000,
2.022,-138.725,-72.459,108.800,-158.782,6.000,
2.024,-139.245,-69.932,108.521,-158.922,6.000,
2.026,-139.697,-67.393,108.242,-159.057,6.000,
2.028,-140.095,-64.853,107.962,-159.187,6.000,
2.030,-140.460,-62.323,107.681,-159.311,6.000,
2.032,-140.738,-60.304,107.399,-159.432,6.000,
2.034,-141.012,-58.362,107.117,-159.549,6.000,
2.036,-141.330,-56.248,106.835,-159.661,6.000,
2.038,-141.704,-53.906,106.551,-159.769,6.000,
2.040,-142.126,-51.403,106.267,-159.872,6.000,
2.042,-142.576,-48.842,105.982,-159.969,6.000,
2.044,-143.075,-46.300,105.696,-160.062,6.000,
2.046,-143.843,-43.791,105.408,-160.150,6.000,
2.048,-145.193,-41.289,105.118,-160.232,6.000,
2.050,-147.232,-38.757,104.823,-160.310,6.000,
2.052,-149.781,-36.162,104.524,-160.382,6.000,
2.054,-152.894,-32.935,104.218,-160.448,6.000,
2.056,-155.441,-30.099,103.907,-160.508,6.000,
2.058,-157.321,-27.454,103.592,-160.563,6.000,
2.060,-158.604,-24.808,103.275,-160.613,6.000,
2.062,-159.445,-22.056,102.956,-160.657,6.000,
2.064,-160.047,-19.198,102.636,-160.695,6.000,
2.066,-160.600,-16.285,102.315,-160.728,6.000,
2.068,-161.186,-13.372,101.992,-160.754,6.000,
2.070,-161.773,-10.492,101.669,-160.775,6.000,
2.072,-162.269,-7.654,101.344,-160.791,6.000,
2.074,-162.591,-4.850,101.019,-160.800,6.000,
2.076,-162.705,-2.070,100.694,-160.805,6.000,
2.078,-162.626,0.694,100.369,-160.803,6.000,
2.080,-162.403,3.442,100.044,-160.796,6.000,
2.082,-162.091,6.176,99.720,-160.784,6.000,
2.084,-161.730,8.893,99.396,-160.766,6.000,
2.086,-161.343,11.590,99.073,-160.743,6.000,
2.088,-160.933,14.263,98.752,-160.714,6.000,
2.090,-160.494,16.912,98.431,-160.681,6.000,
2.092,-160.015,19.546,98.111,-160.642,6.000,
2.094,-159.483,22.175,97.792,-160.597,6.000,
2.096,-158.885,24.816,97.474,-160.548,6.000,
2.098,-158.205,27.482,97.157,-160.493,6.000,
2.100,-157.429,30.190,96.842,-160.432,6.000,
2.102,-156.546,32.951,96.529,-160.366,6.000,
2.104,-155.552,35.768,96.218,-160.295,6.000,
2.106,-154.448,38.640,95.909,-160.217,6.000,
2.108,-153.236,41.565,95.603,-160.134,6.000,
2.110,-151.916,44.543,95.299,-160.045,6.000,
2.112,-150.486,47.578,94.998,-159.950,6.000,
2.114,-148.939,50.679,94.700,-159.849,6.000,
2.116,-147.265,53.856,94.406,-159.741,6.000,
2.118,-145.462,57.115,94.115,-159.627,6.000,
2.120,-143.535,60.453,93.828,-159.506,6.000,
2.122,-141.490,63.864,93.545,-159.378,6.000,
2.124,-139.319,67.351,93.266,-159.243,6.000,
2.126,-136.995,70.940,92.992,-159.102,6.000,
2.128,-134.475,74.680,92.723,-158.952,6.000,
2.130,-131.711,78.626,92.460,-158.795,6.000,
2.132,-128.670,82.818,92.202,-158.629,6.000,
2.134,-125.344,87.275,91.952,-158.455,6.000,
2.136,-121.752,91.980,91.708,-158.271,6.000,
2.138,-117.934,96.893,91.472,-158.077,6.000,
2.140,-113.930,101.963,91.244,-157.873,6.000,
2.142,-109.781,107.140,91.025,-157.659,6.000,
2.144,-105.517,112.378,90.814,-157.434,6.000,
2.146,-101.158,117.645,90.612,-157.199,6.000,
2.148,-96.718,122.918,90.418,-156.953,6.000,
2.150,-92.212,128.174,90.234,-156.697,6.000,
2.152,-87.660,133.381,90.058,-156.430,6.000,
2.154,-83.084,138.502,89.892,-156.153,6.000,
2.156,-78.504,143.496,89.735,-155.866,6.000,
2.158,-73.935,148.333,89.587,-155.569,6.000,
2.160,-69.389,152.997,89.449,-155.263,6.000,
2.162,-64.868,157.485,89.319,-154.948,6.000,
2.164,-60.366,161.804,89.198,-154.625,6.000,
2.166,-55.866,165.967,89.086,-154.293,6.000,
2.168,-51.352,169.990,88.984,-153.953,6.000,
2.170,-46.806,173.886,88.890,-153.605,6.000,
2.172,-42.218,177.664,88.806,-153.250,6.000,
2.174,-37.579,181.329,88.730,-152.887,6.000,
2.176,-32.877,184.894,88.665,-152.517,6.000,
2.178,-28.088,188.376,88.609,-152.140,6.000,
2.180,-23.182,191.797,88.562,-151.757,6.000,
2.182,-18.129,195.176,88.526,-151.366,6.000,
2.184,-12.905,198.531,88.500,-150.969,6.000,
2.186,-7.492,201.874,88.485,-150.566,6.000,
2.188,-1.879,205.205,88.481,-150.155,6.000,
2.190,3.943,208.523,88.489,-149.738,6.000,
2.192,9.983,211.818,88.509,-149.315,6.000,
2.194,16.238,215.075,88.542,-148.884,6.000,
2.196,22.697,218.275,88.587,-148.448,6.000,
2.198,29.347,221.402,88.646,-148.005,6.000,
2.200,36.169,224.437,88.718,-147.556,6.000,
2.202,43.138,227.358,88.804,-147.101,6.000,
2.204,50.227,230.149,88.905,-146.641,6.000,
2.206,57.415,232.799,89.020,-146.176,6.000,
2.208,64.685,235.303,89.149,-145.705,6.000,
2.210,72.027,237.658,89.293,-145.230,6.000,
2.212,79.433,239.863,89.452,-144.750,6.000,
2.214,86.894,241.917,89.626,-144.266,6.000,
2.216,94.395,243.818,89.815,-143.778,6.000,
2.218,101.920,245.564,90.018,-143.287,6.000,
2.220,109.457,247.153,90.237,-142.793,6.000,
2.222,116.999,248.587,90.471,-142.296,6.000,
2.224,124.539,249.860,90.720,-141.796,6.000,
2.226,132.069,250.966,90.985,-141.294,6.000,
2.228,139.585,251.897,91.264,-140.790,6.000,
2.230,147.086,252.648,91.558,-140.285,6.000,
2.232,154.572,253.209,91.867,-139.779,6.000,
2.234,162.044,253.570,92.191,-139.272,6.000,
2.236,169.501,253.717,92.530,-138.764,6.000,
2.238,176.947,253.634,92.884,-138.257,6.000,
2.240,184.390,253.306,93.253,-137.750,6.000,
2.242,191.837,252.716,93.636,-137.245,6.000,
2.244,199.290,251.849,94.035,-136.741,6.000,
2.246,206.744,250.695,94.449,-136.240,6.000,
2.248,214.187,249.245,94.877,-135.741,6.000,
2.250,221.601,247.493,95.320,-135.246,6.000,
2.252,228.966,245.442,95.778,-134.755,6.000,
2.254,236.257,243.097,96.251,-134.269,6.000,
2.256,243.445,240.460,96.737,-133.788,6.000,
2.258,250.496,237.531,97.238,-133.313,6.000,
2.260,257.364,234.310,97.753,-132.845,6.000,
2.262,263.999,230.803,98.281,-132.383,6.000,
2.264,270.347,227.022,98.822,-131.929,6.000,
2.266,276.358,222.987,99.375,-131.483,6.000,
2.268,282.001,218.721,99.939,-131.046,6.000,
2.270,287.261,214.252,100.513,-130.617,6.000,
2.272,292.147,209.604,101.097,-130.198,6.000,
2.274,296.687,204.796,101.691,-129.788,6.000,
2.276,300.914,199.845,102.293,-129.389,6.000,
2.278,304.862,194.766,102.902,-128.999,6.000,
2.280,308.563,189.576,103.519,-128.620,6.000,
2.282,312.047,184.291,104.144,-128.251,6.000,
2.284,315.337,178.925,104.774,-127.893,6.000,
2.286,318.449,173.489,105.411,-127.546,6.000,
2.288,321.396,167.992,106.054,-127.210,6.000,
2.290,324.184,162.439,106.702,-126.886,6.000,
2.292,326.818,156.836,107.356,-126.572,6.000,
2.294,329.302,151.187,108.014,-126.270,6.000,
2.296,331.643,145.497,108.678,-125.979,6.000,
2.298,333.847,139.773,109.345,-125.699,6.000,
2.300,335.924,134.022,110.017,-125.431,6.000,
2.302,337.878,128.250,110.693,-125.174,6.000,
2.304,339.710,122.461,111.372,-124.929,6.000,
2.306,341.421,116.658,112.055,-124.696,6.000,
2.308,343.013,110.841,112.741,-124.474,6.000,
2.310,344.488,105.020,113.430,-124.264,6.000,
2.312,345.841,99.213,114.122,-124.066,6.000,
2.314,347.057,93.457,114.816,-123.879,6.000,
2.316,348.111,87.806,115.512,-123.704,6.000,
2.318,348.974,82.324,116.210,-123.539,6.000,
2.320,349.624,77.072,116.910,-123.385,6.000,
2.322,350.052,72.096,117.610,-123.241,6.000,
2.324,350.272,67.417,118.310,-123.106,6.000,
2.326,350.315,63.027,119.011,-122.980,6.000,
2.328,350.225,58.892,119.711,-122.862,6.000,
2.330,350.050,54.963,120.411,-122.752,6.000,
2.332,349.836,51.177,121.111,-122.650,6.000,
2.334,349.616,47.480,121.810,-122.555,6.000,
2.336,349.410,43.831,122.509,-122.467,6.000,
2.338,349.232,40.201,123.208,-122.387,6.000,
2.340,349.082,36.579,123.906,-122.313,6.000,
2.342,348.960,32.961,124.604,-122.247,6.000,
2.344,348.858,29.354,125.301,-122.189,6.000,
2.346,348.761,25.772,125.999,-122.137,6.000,
2.348,348.650,22.229,126.696,-122.093,6.000,
2.350,348.506,18.734,127.393,-122.055,6.000,
2.352,348.316,15.288,128.090,-122.025,6.000,
2.354,348.068,11.884,128.786,-122.001,6.000,
2.356,347.752,8.511,129.481,-121.984,6.000,
2.358,347.359,5.163,130.176,-121.974,6.000,
2.360,346.882,1.835,130.870,-121.970,6.000,
2.362,346.316,-1.486,131.563,-121.973,6.000,
2.364,345.746,-4.904,132.254,-121.983,6.000,
2.366,345.576,-8.799,132.945,-122.000,6.000,
2.368,345.266,-14.339,133.636,-122.029,6.000,
2.370,343.184,-20.653,134.322,-122.070,6.000,
2.372,338.529,-30.864,134.999,-122.132,6.000,
2.374,332.324,-44.340,135.664,-122.221,6.000,
2.376,318.578,-66.292,136.301,-122.353,6.000,
2.378,293.187,-101.116,136.887,-122.556,6.000,
2.380,260.574,-154.202,137.409,-122.864,6.000,
2.382,228.337,-223.476,137.865,-123.311,6.000,
2.384,202.372,-299.580,138.270,-123.910,6.000,
2.386,185.089,-373.384,138.640,-124.657,6.000,
2.388,175.946,-439.955,138.992,-125.537,6.000,
2.390,173.403,-496.017,139.339,-126.529,6.000,
2.392,175.310,-539.482,139.689,-127.608,6.000,
2.394,177.794,-572.089,140.045,-128.752,6.000,
2.396,177.163,-598.805,140.399,-129.949,6.000,
2.398,171.619,-623.565,140.743,-131.197,6.000,
2.400,161.230,-647.876,141.065,-132.492,6.000,
2.402,147.223,-671.291,141.359,-133.835,6.000,
2.404,131.164,-692.546,141.622,-135.220,6.000,
2.406,114.385,-710.493,141.851,-136.641,6.000,
2.408,97.807,-724.454,142.046,-138.090,6.000,
2.410,82.017,-734.323,142.210,-139.559,6.000,
2.412,67.403,-740.513,142.345,-141.040,6.000,
2.414,54.249,-743.739,142.454,-142.527,6.000,
2.416,42.740,-744.793,142.539,-144.017,6.000,
2.418,32.970,-744.382,142.605,-145.505,6.000,
2.420,24.954,-743.043,142.655,-146.992,6.000,
2.422,18.677,-741.129,142.692,-148.474,6.000,
2.424,14.123,-738.840,142.720,-149.951,6.000,
2.426,11.412,-736.217,142.743,-151.424,6.000,
2.428,11.070,-733.085,142.765,-152.890,6.000,
2.430,14.360,-728.986,142.794,-154.348,6.000,
2.432,23.351,-723.211,142.841,-155.794,6.000,
2.434,40.372,-714.942,142.922,-157.224,6.000,
2.436,66.998,-703.500,143.056,-158.631,6.000,
2.438,103.129,-688.591,143.262,-160.009,6.000,
2.440,146.717,-670.510,143.555,-161.350,6.000,
2.442,194.283,-650.168,143.944,-162.650,6.000,
2.444,241.911,-628.875,144.428,-163.908,6.000,
2.446,286.234,-608.007,145.000,-165.124,6.000,
2.448,325.030,-588.728,145.650,-166.301,6.000,
2.450,357.329,-571.835,146.365,-167.445,6.000,
2.452,383.156,-557.720,147.131,-168.560,6.000,
2.454,403.129,-546.427,147.937,-169.653,6.000,
2.456,418.089,-537.755,148.774,-170.729,6.000,
2.458,428.845,-531.373,149.631,-171.791,6.000,
2.460,436.044,-526.899,150.503,-172.845,6.000,
2.462,440.123,-523.934,151.384,-173.893,6.000,
2.464,441.298,-522.077,152.266,-174.937,6.000,
2.466,439.596,-520.952,153.145,-175.979,6.000,
2.468,434.863,-520.227,154.015,-177.020,6.000,
2.470,426.745,-519.619,154.869,-178.059,6.000,
2.472,414.696,-518.876,155.698,-179.096,6.000,
2.474,398.087,-517.809,156.494,-180.132,6.000,
2.476,376.438,-516.311,157.247,-181.165,6.000,
2.478,349.809,-514.404,157.947,-182.194,6.000,
2.480,319.083,-512.249,158.585,-183.218,6.000,
2.482,285.848,-510.097,159.157,-184.238,6.000,
2.484,251.993,-508.182,159.661,-185.255,6.000,
2.486,219.268,-506.474,160.099,-186.268,6.000,
2.488,188.982,-504.573,160.477,-187.277,6.000,
2.490,161.876,-501.735,160.801,-188.280,6.000,
2.492,138.123,-496.565,161.077,-189.273,6.000,
2.494,117.440,-486.858,161.312,-190.247,6.000,
2.496,99.391,-469.993,161.511,-191.187,6.000,
2.498,83.690,-444.033,161.678,-192.075,6.000,
2.500,70.260,-408.858,161.819,-192.893,6.000,
